,Release Date,Movie,Budget,Domestic Gross,Worldwide Gross,Year,Week,Dom_Profits,WW_Profits
0,2009-12-18,Avatar,425000000,760507625,2789705275,2009,51,335507625,2364705275
1,2011-05-20,Pirates of the Caribbean: On Stranger Tides,410600000,241063875,1045663875,2011,20,-169536125,635063875
2,2019-04-26,Avengers: Endgame,400000000,856706929,2793009730,2019,17,456706929,2393009730
3,2019-06-07,Dark Phoenix,350000000,65609445,246300941,2019,23,-284390555,-103699059
4,2015-05-01,Avengers: Age of Ultron,330600000,459005868,1403013963,2015,18,128405868,1072413963
5,2018-04-27,Avengers: Infinity War,300000000,678815482,2048134200,2018,17,378815482,1748134200
6,2007-05-24,Pirates of the Caribbean: At World's End,300000000,309420425,963420425,2007,21,9420425,663420425
7,2017-11-17,Justice League,300000000,229024295,655945209,2017,46,-70975705,355945209
8,2015-11-06,Spectre,300000000,200074175,879620923,2015,45,-99925825,579620923
9,2012-07-20,The Dark Knight Rises,275000000,448139099,1084439099,2012,29,173139099,809439099
10,2018-05-25,Solo: A Star Wars Story,275000000,213767512,393151347,2018,21,-61232488,118151347
11,2013-07-02,The Lone Ranger,275000000,89302115,260002115,2013,27,-185697885,-14997885
12,2012-03-09,John Carter,275000000,73058679,282778100,2012,10,-201941321,7778100
13,2010-11-24,Tangled,260000000,200821936,586477240,2010,47,-59178064,326477240
14,2007-05-04,Spider-Man 3,258000000,336530303,894860230,2007,18,78530303,636860230
15,2016-05-06,Captain America: Civil War,250000000,408084349,1140069413,2016,18,158084349,890069413
16,2016-03-25,Batman v Superman: Dawn of Justice,250000000,330360194,867500281,2016,12,80360194,617500281
17,2012-12-14,The Hobbit: An Unexpected Journey,250000000,303003568,1017003568,2012,50,53003568,767003568
18,2009-07-15,Harry Potter and the Half-Blood Prince,250000000,302089278,935213767,2009,29,52089278,685213767
19,2013-12-13,The Hobbit: The Desolation of Smaug,250000000,258366855,960366855,2013,50,8366855,710366855
20,2014-12-17,The Hobbit: The Battle of the Five Armies,250000000,255119788,945577621,2014,51,5119788,695577621
21,2017-04-14,The Fate of the Furious,250000000,225764765,1234846267,2017,15,-24235235,984846267
22,2006-06-28,Superman Returns,232000000,200120000,374085065,2006,26,-31880000,142085065
23,2017-05-26,Pirates of the Caribbean: Dead Men Tell No Tales,230000000,172558876,788241137,2017,21,-57441124,558241137
24,2008-11-14,Quantum of Solace,230000000,169368427,591692078,2008,46,-60631573,361692078
25,2012-05-04,The Avengers,225000000,623279547,1517935897,2012,18,398279547,1292935897
26,2006-07-07,Pirates of the Caribbean: Dead Man's Chest,225000000,423315812,1066215812,2006,27,198315812,841215812
27,2013-06-14,Man of Steel,225000000,291045518,667999518,2013,24,66045518,442999518
28,2008-05-16,The Chronicles of Narnia: Prince Caspian,225000000,141621490,417341288,2008,20,-83378510,192341288
29,2020-07-17,Tenet,224000000,0,0,2020,29,-224000000,-224000000
30,2012-07-03,The Amazing Spider-Man,220000000,262030663,757890267,2012,27,42030663,537890267
31,2012-05-18,Battleship,220000000,65233400,313477717,2012,20,-154766600,93477717
32,2017-06-21,Transformers: The Last Knight,217000000,130168683,602893340,2017,25,-86831317,385893340
33,2015-06-12,Jurassic World,215000000,652270625,1648854864,2015,24,437270625,1433854864
34,2012-05-25,Men in Black 3,215000000,179020854,654213485,2012,21,-35979146,439213485
35,2009-06-24,Transformers: Revenge of the Fallen,210000000,402111870,836519699,2009,26,192111870,626519699
36,2014-06-27,Transformers: Age of Extinction,210000000,245439076,1104039076,2014,26,35439076,894039076
37,2006-05-26,X-Men: The Last Stand,210000000,234362462,459260946,2006,21,24362462,249260946
38,2010-05-14,Robin Hood,210000000,105487148,322459006,2010,19,-104512852,112459006
39,2005-12-14,King Kong,207000000,218080025,550517357,2005,50,11080025,343517357
40,2007-12-07,The Golden Compass,205000000,70107728,367262558,2007,49,-134892272,162262558
41,2018-02-16,Black Panther,200000000,700059566,1348258224,2018,7,500059566,1148258224
42,2018-06-15,Incredibles 2,200000000,608581744,1242515988,2018,24,408581744,1042515988
43,2016-12-16,Rogue One: A Star Wars Story,200000000,532177324,1049102856,2016,50,332177324,849102856
44,2016-06-17,Finding Dory,200000000,486295561,1021215193,2016,24,286295561,821215193
45,2010-06-18,Toy Story 3,200000000,415004880,1068879522,2010,24,215004880,868879522
46,2013-05-03,Iron Man 3,200000000,408992272,1215392272,2013,18,208992272,1015392272
47,2004-06-30,Spider-Man 2,200000000,373524485,795110670,2004,27,173524485,595110670
48,2010-03-05,Alice in Wonderland,200000000,334191110,1025491110,2010,9,134191110,825491110
49,2012-11-08,Skyfall,200000000,304360277,1110526981,2012,45,104360277,910526981
50,2013-06-21,Monsters University,200000000,268488329,743588329,2013,25,68488329,543588329
51,2013-03-08,Oz the Great and Powerful,200000000,234770996,490359051,2013,10,34770996,290359051
52,2014-05-23,X-Men: Days of Future Past,200000000,233921534,747862775,2014,21,33921534,547862775
53,2014-05-02,The Amazing Spider-Man 2,200000000,202853933,708996336,2014,18,2853933,508996336
54,2011-06-24,Cars 2,200000000,191450875,560155383,2011,25,-8549125,360155383
55,2010-12-17,Tron: Legacy,200000000,172062763,400062763,2010,50,-27937237,200062763
56,2009-11-13,2012,200000000,166112167,757677748,2009,46,-33887833,557677748
57,2018-11-16,Fantastic Beasts: The Crimes of Grindelwald,200000000,159555901,652220086,2018,46,-40444099,452220086
58,2009-05-21,Terminator Salvation,200000000,125322469,365491792,2009,21,-74677531,165491792
59,2011-06-17,Green Lantern,200000000,116601172,219535492,2011,24,-83398828,19535492
60,2010-05-28,Prince of Persia: Sands of Time,200000000,90759676,336359676,2010,21,-109240324,136359676
61,2011-06-29,Transformers: Dark of the Moon,195000000,352390543,1123790543,2011,26,157390543,928790543
62,2017-06-09,The Mummy,195000000,80101125,409953905,2017,23,-114898875,214953905
63,2013-03-01,Jack the Giant Slayer,195000000,65187603,197687603,2013,9,-129812397,2687603
64,2015-04-03,Furious 7,190000000,353007020,1518722794,2015,14,163007020,1328722794
65,2013-05-16,Star Trek Into Darkness,190000000,228778661,467381584,2013,20,38778661,277381584
66,2013-06-21,World War Z,190000000,202359711,531514650,2013,25,12359711,341514650
67,2013-05-10,The Great Gatsby,190000000,144840419,351040419,2013,19,-45159581,161040419
68,2009-11-06,Disney's A Christmas Carol,190000000,137855863,315709697,2009,45,-52144137,125709697
69,2013-07-12,Pacific Rim,190000000,101802906,411002906,2013,28,-88197094,221002906
70,2015-11-25,The Good Dinosaur,187500000,123087120,333771037,2015,48,-64412880,146271037
71,2008-05-02,Iron Man,186000000,318604126,585171547,2008,18,132604126,399171547
72,2008-07-18,The Dark Knight,185000000,533720947,1001996207,2008,29,348720947,816996207
73,2008-05-22,Indiana Jones and the Kingdom of the Crystal Skull,185000000,317101119,786635413,2008,21,132101119,601635413
74,2012-06-22,Brave,185000000,237282182,554606532,2012,25,52282182,369606532
75,2017-03-10,Kong: Skull Island,185000000,168052812,561072059,2017,10,-16947188,376072059
76,2016-07-22,Star Trek Beyond,185000000,158848340,335802233,2016,29,-26151660,150802233
77,2017-10-06,Blade Runner 2049,185000000,92054159,259357408,2017,40,-92945841,74357408
78,2019-05-24,Aladdin,182000000,346636294,1009887888,2019,21,164636294,827887888
79,2017-11-03,Thor: Ragnarok,180000000,315058289,846980024,2017,44,135058289,666980024
80,2005-12-09,"The Chronicles of Narnia: The Lion, the Witch and the Wardrobe",180000000,291710957,720539572,2005,49,111710957,540539572
81,2014-05-30,Maleficent,180000000,241407328,758536735,2014,22,61407328,578536735
82,2016-11-18,Fantastic Beasts and Where to Find Them,180000000,234037575,802402853,2016,46,54037575,622402853
83,2008-06-27,WALL-E,180000000,223808164,532508025,2008,26,43808164,352508025
84,2007-08-10,Rush Hour 3,180000000,140125968,256585882,2007,32,-39874032,76585882
85,2016-07-01,The Legend of Tarzan,180000000,126643061,348902025,2016,26,-53356939,168902025
86,2011-11-23,Hugo,180000000,73864507,180047784,2011,47,-106135493,47784
87,2017-07-21,Valerian and the City of a Thousand Planets,180000000,40479370,215098356,2017,29,-139520630,35098356
88,2015-02-06,Jupiter Ascending,179000000,47482519,181982519,2015,6,-131517481,2982519
90,2016-05-27,X-Men: Apocalypse,178000000,155442489,542537546,2016,21,-22557511,364537546
91,2018-08-10,The Meg,178000000,145443742,529530715,2018,32,-32556258,351530715
92,2014-06-06,Edge of Tomorrow,178000000,100206256,370541256,2014,23,-77793744,192541256
93,2019-03-08,Captain Marvel,175000000,426829839,1123365437,2019,10,251829839,948365437
94,2016-04-15,The Jungle Book,175000000,364001123,962854547,2016,15,189001123,787854547
95,2015-06-19,Inside Out,175000000,356461711,854235992,2015,25,181461711,679235992
96,2017-07-07,Spider-Man: Homecoming,175000000,334201140,880166350,2017,27,159201140,705166350
97,2016-08-05,Suicide Squad,175000000,325100054,746059887,2016,31,150100054,571059887
98,2009-05-29,Up,175000000,293004164,731463377,2009,22,118004164,556463377
99,2017-11-22,Coco,175000000,209726015,798008101,2017,47,34726015,623008101
100,2018-11-21,Ralph Breaks The Internet,175000000,201091711,523480372,2018,47,26091711,348480372
101,2009-03-27,Monsters vs. Aliens,175000000,198351526,381687380,2009,13,23351526,206687380
102,2017-06-16,Cars 3,175000000,152901115,383541369,2017,24,-22098885,208541369
103,2009-08-07,G.I. Joe: The Rise of Cobra,175000000,150201498,302469017,2009,32,-24798502,127469017
104,2008-08-01,The Mummy: Tomb of the Dragon Emperor,175000000,102491776,405760225,2008,31,-72508224,230760225
105,2007-06-22,Evan Almighty,175000000,100289690,174131329,2007,25,-74710310,-868671
106,2017-05-12,King Arthur: Legend of the Sword,175000000,39175066,139630336,2017,19,-135824934,-35369664
107,2013-12-25,47 Ronin,175000000,38362475,151716815,2013,52,-136637525,-23283185
108,2018-06-22,Jurassic World: Fallen Kingdom,170000000,417719760,1305772799,2018,25,247719760,1135772799
109,2014-08-01,Guardians of the Galaxy,170000000,333172112,770867516,2014,31,163172112,600867516
110,2010-05-07,Iron Man 2,170000000,312433331,621156389,2010,18,142433331,451156389
111,2014-04-04,Captain America: The Winter Soldier,170000000,259746958,714401889,2014,14,89746958,544401889
112,2014-07-11,Dawn of the Planet of the Apes,170000000,208545589,710644566,2014,28,38545589,540644566
113,2004-11-10,The Polar Express,170000000,187224605,311365187,2004,46,17224605,141365187
114,2012-06-01,Snow White and the Huntsman,170000000,155136755,401021746,2012,22,-14863245,231021746
115,2003-07-01,Terminator 3: Rise of the Machines,170000000,150358296,433058296,2003,27,-19641704,263058296
116,2004-05-07,Van Helsing,170000000,120150546,300150546,2004,19,-49849454,130150546
117,2019-03-29,Dumbo,170000000,114740069,344942385,2019,13,-55259931,174942385
118,2019-05-31,Godzilla: King of the Monsters,170000000,109968931,382768708,2019,22,-60031069,212768708
119,2015-05-22,Tomorrowland,170000000,93436322,206627518,2015,21,-76563678,36627518
120,2019-02-14,Alita: Battle Angel,170000000,85710210,402971268,2019,7,-84289790,232971268
121,2016-05-27,Alice Through the Looking Glass,170000000,77042381,276928112,2016,21,-92957619,106928112
122,2010-05-21,Shrek Forever After,165000000,238736787,756244673,2010,20,73736787,591244673
123,2016-11-04,Doctor Strange,165000000,232641920,676404566,2016,44,67641920,511404566
124,2014-11-07,Big Hero 6,165000000,222527828,652127828,2014,45,57527828,487127828
125,2010-03-26,How to Train Your Dragon,165000000,217581232,494870992,2010,12,52581232,329870992
126,2012-11-02,Wreck-It Ralph,165000000,189412677,496511521,2012,44,24412677,331511521
127,2014-11-05,Interstellar,165000000,188017894,665666799,2014,45,23017894,500666799
128,2016-06-24,Independence Day: Resurgence,165000000,103144286,384169424,2016,25,-61855714,219169424
129,2011-07-29,Cowboys and Aliens,163000000,100368560,176038324,2011,30,-62631440,13038324
130,2017-03-17,Beauty and the Beast,160000000,504014165,1259199706,2017,11,344014165,1099199706
131,2019-07-02,Spider-Man: Far From Home,160000000,346500256,1039485468,2019,27,186500256,879485468
132,2018-12-21,Aquaman,160000000,335061807,1146894640,2018,51,175061807,986894640
133,2007-05-17,Shrek the Third,160000000,322719944,807330936,2007,20,162719944,647330936
134,2010-07-16,Inception,160000000,292576195,835524642,2010,28,132576195,675524642
135,2015-11-20,The Hunger Games: Mockingjay - Part 2,160000000,281723902,648986787,2015,47,121723902,488986787
136,2013-05-24,Fast and Furious 6,160000000,238679850,789300444,2013,21,78679850,629300444
137,2014-05-16,Godzilla,160000000,200676069,529076069,2014,20,40676069,369076069
138,2011-06-03,X-Men: First Class,160000000,146408305,355408305,2011,22,-13591695,195408305
139,2008-12-25,The Curious Case of Benjamin Button,160000000,127509326,329631958,2008,52,-32490674,169631958
140,2010-07-14,The Sorcerer's Apprentice,160000000,63150991,217986320,2010,28,-96849009,57986320
141,2006-05-12,Poseidon,160000000,60674817,181674817,2006,19,-99325183,21674817
142,2016-06-10,Warcraft,160000000,47225655,425522281,2016,23,-112774345,265522281
143,2016-09-30,Deepwater Horizon,156000000,61433527,122603824,2016,39,-94566473,-33396176
144,2010-12-10,The Chronicles of Narnia: The Voyage of the Dawn Treader,155000000,104386950,418186950,2010,49,-50613050,263186950
145,2015-07-01,Terminator: Genisys,155000000,89760956,432150894,2015,27,-65239044,277150894
146,2018-03-23,Pacific Rim: Uprising,155000000,59874525,290930148,2018,12,-95125475,135930148
147,2004-11-24,Alexander,155000000,34297191,167297191,2004,48,-120702809,12297191
148,2017-07-14,War for the Planet of the Apes,152000000,146880162,489592267,2017,28,-5119838,337592267
149,2001-05-25,Pearl Harbor,151500000,198539855,449239855,2001,21,47039855,297739855
150,2007-07-02,Transformers,151000000,319246193,708272592,2007,27,168246193,557272592
151,2017-06-02,Wonder Woman,150000000,412563408,821133378,2017,22,262563408,671133378
152,2013-11-22,Frozen,150000000,400738009,1272469910,2013,47,250738009,1122469910
153,2016-03-04,Zootopia,150000000,341268248,1019429616,2016,9,191268248,869429616
154,2007-07-11,Harry Potter and the Order of the Phoenix,150000000,292137260,943076457,2007,28,142137260,793076457
155,2005-11-18,Harry Potter and the Goblet of Fire,150000000,290201752,897099794,2005,46,140201752,747099794
156,2003-05-15,The Matrix Reloaded,150000000,281553689,738576929,2003,20,131553689,588576929
157,2007-12-14,I am Legend,150000000,256393010,585532684,2007,50,106393010,435532684
158,2016-11-23,Moana,150000000,248757044,637517365,2016,47,98757044,487517365
159,2008-07-01,Hancock,150000000,227946274,624234272,2008,27,77946274,474234272
160,2005-07-15,Charlie and the Chocolate Factory,150000000,206459076,475825484,2005,28,56459076,325825484
161,2007-06-29,Ratatouille,150000000,206445654,626549695,2007,26,56445654,476549695
162,2013-11-08,Thor: The Dark World,150000000,206362140,644602516,2013,45,56362140,494602516
163,2005-06-15,Batman Begins,150000000,205343774,359142722,2005,24,55343774,209142722
165,2017-07-21,Dunkirk,150000000,190068280,499837368,2017,29,40068280,349837368
166,2011-05-06,Thor,150000000,181030624,449326618,2011,18,31030624,299326618
167,2008-11-07,Madagascar: Escape 2 Africa,150000000,180174880,599680774,2008,45,30174880,449680774
168,2009-05-01,X-Men Origins: Wolverine,150000000,179883157,374825760,2009,18,29883157,224825760
169,2009-05-22,Night at the Museum: Battle of the Smithsonian,150000000,177243721,402231063,2009,21,27243721,252231063
170,2011-05-26,Kung Fu Panda 2,150000000,165249063,664837547,2011,21,15249063,514837547
171,2015-05-15,Mad Max: Fury Road,150000000,153636354,370098020,2015,20,3636354,220098020
172,2019-05-10,PokÃ©mon: Detective Pikachu,150000000,143858720,429810807,2019,19,-6141280,279810807
173,2003-11-05,The Matrix Revolutions,150000000,139270910,427300260,2003,45,-10729090,277300260
174,2018-03-29,Ready Player One,150000000,137690172,579290136,2018,13,-12309828,429290136
175,2005-11-04,Chicken Little,150000000,135386665,310043823,2005,44,-14613335,160043823
177,2009-05-15,Angels & Demons,150000000,133375846,490875846,2009,20,-16624154,340875846
178,2004-05-14,Troy,150000000,133298577,484161265,2004,20,-16701423,334161265
179,2010-07-01,The Last Airbender,150000000,131772187,319713881,2010,26,-18227813,169713881
180,2007-11-02,Bee Movie,150000000,126631277,287594577,2007,44,-23368723,137594577
181,2009-07-24,G-Force,150000000,119436770,292817841,2009,30,-30563230,142817841
182,2008-11-21,Bolt,150000000,114053579,328015029,2008,47,-35946421,178015029
183,2012-03-30,Wrath of the Titans,150000000,83670083,305270083,2012,13,-66329917,155270083
184,2007-11-16,Beowulf,150000000,82280579,195080579,2007,46,-67719421,45080579
185,2012-05-11,Dark Shadows,150000000,79727149,238202668,2012,19,-70272851,88202668
186,2013-06-28,White House Down,150000000,73103784,205440387,2013,26,-76896216,55440387
187,2010-02-12,The Wolfman,150000000,62189884,142634358,2010,6,-87810116,-7365642
188,2017-02-17,The Great Wall,150000000,45157105,334486852,2017,7,-104842895,184486852
189,2015-10-09,Pan,150000000,35088320,151525973,2015,41,-114911680,1525973
190,2011-03-11,Mars Needs Moms,150000000,21392758,39549758,2011,10,-128607242,-110450242
191,2020-12-31,Moonfall,150000000,0,0,2020,53,-150000000,-150000000
192,2006-11-03,Flushed Away,149000000,64665672,179357126,2006,44,-84334328,30357126
193,2012-06-08,Madagascar 3: Europe's Most Wanted,145000000,216391482,746921271,2012,23,71391482,601921271
195,2014-06-13,How to Train Your Dragon 2,145000000,177002924,614586270,2014,24,32002924,469586270
196,2014-03-07,Mr. Peabody & Sherman,145000000,111506430,269806430,2014,10,-33493570,124806430
197,2012-11-21,Rise of the Guardians,145000000,103412758,306900902,2012,47,-41587242,161900902
198,2005-04-08,Sahara,145000000,68671925,121671925,2005,14,-76328075,-23328075
199,2016-07-15,Ghostbusters,144000000,128350574,229008658,2016,28,-15649426,85008658
200,2002-11-22,Die Another Day,142000000,160942139,431942139,2002,47,18942139,289942139
201,2003-07-09,Pirates of the Caribbean: The Curse of the Black Pearl,140000000,305411224,634954103,2003,28,165411224,494954103
202,2009-05-08,Star Trek,140000000,257730019,386839614,2009,19,117730019,246839614
203,2002-07-03,Men in Black 2,140000000,190418803,441767803,2002,27,50418803,301767803
204,2011-07-22,Captain America: The First Avenger,140000000,176654505,370569776,2011,29,36654505,230569776
205,2016-01-29,Kung Fu Panda 3,140000000,143528619,517599142,2016,4,3528619,377599142
206,2013-03-27,G.I. Joe: Retaliation,140000000,122523060,375740705,2013,13,-17476940,235740705
207,2003-12-05,The Last Samurai,140000000,111110575,456810575,2003,49,-28889425,316810575
208,2005-12-21,Fun With Dick And Jane,140000000,110550000,203018919,2005,51,-29450000,63018919
209,2014-12-12,Exodus: Gods and Kings,140000000,65014513,268314513,2014,50,-74985487,128314513
210,2016-07-01,The BFG,140000000,55483770,199646680,2016,26,-84516230,59646680
211,2016-02-26,Gods of Egypt,140000000,31153464,138836756,2016,8,-108846536,-1163244
212,2002-05-03,Spider-Man,139000000,403706375,821706375,2002,18,264706375,682706375
213,2009-03-06,Watchmen,138000000,107509799,186976250,2009,10,-30490201,48976250
214,2005-07-29,Stealth,138000000,32116746,76416746,2005,30,-105883254,-61583254
215,2008-06-13,The Incredible Hulk,137500000,134806913,265573859,2008,24,-2693087,128073859
216,2003-06-20,Hulk,137000000,132177234,245075434,2003,25,-4822766,108075434
217,2001-07-11,Final Fantasy: The Spirits Within,137000000,32131830,85131830,2001,28,-104868170,-51868170
218,2012-11-16,The Twilight Saga: Breaking Dawn - Part 2,136200000,292324737,829724737,2012,46,156124737,693524737
219,2013-03-22,The Croods,135000000,187168425,573068425,2013,12,52168425,438068425
220,2015-12-25,The Revenant,135000000,183637894,532938302,2015,52,48637894,397938302
221,2011-03-04,Rango,135000000,123477607,245724600,2011,9,-11522393,110724600
222,2003-11-14,Master and Commander: The Far Side of the World,135000000,93926386,212912137,2003,46,-41073614,77912137
223,2013-07-17,Turbo,135000000,83028130,286896578,2013,29,-51971870,151896578
224,2016-06-03,Teenage Mutant Ninja Turtles: Out of the Shadows,135000000,82051601,245328374,2016,22,-52948399,110328374
225,2011-11-18,Happy Feet Two,135000000,64006466,157956466,2011,46,-70993534,22956466
226,2006-07-28,Miami Vice,135000000,63478838,163818556,2006,30,-71521162,28818556
227,2018-11-02,The Nutcracker and the Four Realms,132900000,54858851,170293899,2018,44,-78041149,37393899
228,2005-06-29,War of the Worlds,132000000,234280354,606836535,2005,26,102280354,474836535
229,2014-11-26,Penguins of Madagascar,132000000,83350911,366942531,2014,48,-48649089,234942531
230,2013-11-22,The Hunger Games: Catching Fire,130000000,424668047,864868047,2013,47,294668047,734868047
231,2004-06-04,Harry Potter and the Prisoner of Azkaban,130000000,249757726,796907323,2004,23,119757726,666907323
232,2007-08-03,The Bourne Ultimatum,130000000,227471070,444043396,2007,31,97471070,314043396
233,2018-07-06,Ant-Man and the Wasp,130000000,216648740,623144660,2018,27,86648740,493144660
234,2008-06-06,Kung Fu Panda,130000000,215434591,631910531,2008,23,85434591,501910531
235,2015-07-17,Ant-Man,130000000,180202163,518858449,2015,29,50202163,388858449
236,2015-03-27,Home,130000000,177397510,385997896,2015,13,47397510,255997896
237,2018-12-19,Mary Poppins Returns,130000000,171958438,340246439,2018,51,41958438,210246439
238,2011-10-28,Puss in Boots,130000000,149260504,554987477,2011,43,19260504,424987477
239,2010-11-05,Megamind,130000000,148415853,321887208,2010,44,18415853,191887208
240,2003-07-18,Bad Boys II,130000000,138540870,273271982,2003,29,8540870,143271982
241,2014-04-11,Rio 2,130000000,131538435,492846291,2014,15,1538435,362846291
242,2010-07-23,Salt,130000000,118311368,290650494,2010,29,-11688632,160650494
243,2014-03-28,Noah,130000000,101200044,352831065,2014,13,-28799956,222831065
244,2011-12-21,The Adventures of Tintin,130000000,77591831,373993951,2011,51,-52408169,243993951
245,2013-05-31,After Earth,130000000,60522097,251499665,2013,22,-69477903,121499665
246,2008-11-26,Australia,130000000,49554002,215080810,2008,48,-80445998,85080810
247,2013-07-19,R.I.P.D.,130000000,33618855,79076678,2013,29,-96381145,-50923322
248,2019-02-22,How to Train Your Dragon: The Hidden World,129000000,160799505,519246496,2019,8,31799505,390246496
249,2011-11-18,The Twilight Saga: Breaking Dawn - Part 1,127500000,281287133,689420051,2011,46,153787133,561920051
250,2017-03-03,Logan,127000000,226277068,615461394,2017,9,99277068,488461394
251,2014-12-19,Night at the Museum: Secret of the Tomb,127000000,113746621,353756621,2014,51,-13253379,226756621
252,2011-07-15,Harry Potter and the Deathly Hallows: Part II,125000000,381193157,1341693157,2011,28,256193157,1216693157
253,2014-11-21,The Hunger Games: Mockingjay - Part 1,125000000,337135885,766575131,2014,47,212135885,641575131
254,2001-11-16,Harry Potter and the Sorcerer's Stone,125000000,317871467,975047606,2001,46,192871467,850047606
255,2010-11-19,Harry Potter and the Deathly Hallows: Part I,125000000,296131568,960431568,2010,46,171131568,835431568
256,2006-05-19,The Da Vinci Code,125000000,217536138,767820459,2006,20,92536138,642820459
257,2003-05-02,X-Men 2,125000000,214949694,406875536,2003,18,89949694,281875536
258,2011-04-29,Fast Five,125000000,210031325,630163454,2011,17,85031325,505163454
259,2014-08-08,Teenage Mutant Ninja Turtles,125000000,191204754,485004754,2014,32,66204754,360004754
260,2011-12-16,Sherlock Holmes: A Game of Shadows,125000000,186848418,535663443,2011,50,61848418,410663443
261,2004-05-28,The Day After Tomorrow,125000000,186740799,556319450,2004,22,61740799,431319450
262,2017-03-31,The Boss Baby,125000000,175003033,510878762,2017,13,50003033,385878762
263,2010-04-01,Clash of the Titans,125000000,163214888,493214888,2010,13,38214888,368214888
264,2016-11-04,Trolls,125000000,153707064,344150134,2016,44,28707064,219150134
265,2012-06-08,Prometheus,125000000,126477084,402448265,2012,23,1477084,277448265
266,2012-08-10,The Bourne Legacy,125000000,113203870,280355920,2012,32,-11796130,155355920
267,2018-07-13,Skyscraper,125000000,68420120,304115534,2018,28,-56579880,179115534
268,2012-08-03,Total Recall,125000000,58877969,211856088,2012,31,-66122031,86856088
269,2016-12-21,Assassin's Creed,125000000,54647948,240759682,2016,51,-70352052,115759682
270,2017-01-13,Monster Trucks,125000000,33370166,61642798,2017,2,-91629834,-63357202
271,2016-07-29,Jason Bourne,120000000,162192920,416168316,2016,30,42192920,296168316
272,2007-06-15,Fantastic Four: Rise of the Silver Surfer,120000000,131921738,289480691,2007,24,11921738,169480691
273,2012-11-21,Life of Pi,120000000,124987022,620912003,2012,47,4987022,500912003
274,2007-02-16,Ghost Rider,120000000,115802596,229545589,2007,7,-4197404,109545589
275,2018-04-13,Rampage,120000000,101028233,428056280,2018,15,-18971767,308056280
276,2003-06-27,Charlie's Angels: Full Throttle,120000000,100814328,227200000,2003,26,-19185672,107200000
277,2013-08-09,Elysium,120000000,93050117,286192091,2013,32,-26949883,166192091
278,2013-04-19,Oblivion,120000000,89107235,287916633,2013,16,-30892765,167916633
279,2017-03-24,Power Rangers,120000000,85364450,142531552,2017,12,-34635550,22531552
280,2002-07-19,Stuart Little 2,120000000,64956806,166000000,2002,29,-55043194,46000000
281,2014-02-12,RoboCop,120000000,58607007,242981799,2014,7,-61392993,122981799
282,2004-06-11,The Chronicles of Riddick,120000000,57712751,107212751,2004,24,-62287249,-12787249
283,2015-08-07,Fantastic Four,120000000,56117548,167849187,2015,32,-63882452,47849187
284,2008-05-09,Speed Racer,120000000,43945766,93394462,2008,19,-76054234,-26605538
285,2005-07-22,The Island,120000000,35818913,163018913,2005,29,-84181087,43018913
286,2010-12-17,How Do You Know?,120000000,30212620,49628177,2010,50,-89787380,-70371823
287,2010-06-23,Knight and Day,117000000,76423035,258751370,2010,25,-40576965,141751370
288,2018-10-05,Venom,116000000,213511408,853628605,2018,40,97511408,737628605
289,2001-11-02,"Monsters, Inc.",115000000,289423425,559757719,2001,44,174423425,444757719
290,2013-07-26,The Wolverine,115000000,132556852,416456852,2013,30,17556852,301456852
291,2016-04-22,The Huntsman: Winter's War,115000000,48003015,165149302,2016,16,-66996985,50149302
292,2002-06-14,Windtalkers,115000000,40914068,77628265,2002,24,-74085932,-37371735
293,2008-07-04,AstÃ©rix aux Jeux Olympiques,113500000,999811,132999811,2008,27,-112500189,19499811
294,2010-12-25,Gulliver's Travels,112000000,42779261,232017848,2010,51,-69220739,120017848
295,2017-12-15,Ferdinand,111000000,84410380,289838913,2017,50,-26589620,178838913
296,2018-05-18,Deadpool 2,110000000,324591735,786680557,2018,20,214591735,676680557
297,2013-10-04,Gravity,110000000,274092705,693698673,2013,40,164092705,583698673
298,2006-12-22,Night at the Museum,110000000,250863268,579446407,2006,51,140863268,469446407
299,2005-06-10,Mr. and Mrs. Smith,110000000,186336279,486124090,2005,23,76336279,376124090
300,2015-05-29,San Andreas,110000000,155190832,456258539,2015,22,45190832,346258539
301,2011-07-29,The Smurfs,110000000,142614158,563749323,2011,30,32614158,453749323
302,2007-06-27,Live Free or Die Hard,110000000,134529403,382288147,2007,26,24529403,272288147
303,2015-03-20,The Divergent Series: Insurgent,110000000,130179072,295075882,2015,12,20179072,185075882
304,2004-12-10,Ocean's Twelve,110000000,125531634,362989076,2004,50,15531634,252989076
305,2014-03-07,300: Rise of an Empire,110000000,106580051,330780051,2014,10,-3419949,220780051
306,2004-12-17,The Aviator,110000000,102608827,208370892,2004,51,-7391173,98370892
307,2016-12-21,Passengers,110000000,100014699,302239672,2016,51,-9985301,192239672
308,2011-01-14,The Green Hornet,110000000,98780042,229155503,2011,2,-11219958,119155503
309,2016-09-30,Miss Peregrine's Home for Peculiar Children,110000000,87242834,295986876,2016,39,-22757166,185986876
310,2011-10-07,Real Steel,110000000,85463309,263880341,2011,40,-24536691,153880341
311,2019-06-14,Men in Black: International,110000000,78875053,250410481,2019,24,-31124947,140410481
312,2010-06-11,The A-Team,110000000,77222099,177241171,2010,23,-32777901,67241171
313,2013-07-31,The Smurfs 2,110000000,71017784,348547523,2013,31,-38982216,238547523
314,2016-03-18,The Divergent Series: Allegiant,110000000,66184051,172022517,2016,11,-43815949,62022517
315,2009-06-12,The Taking of Pelham 123,110000000,65452312,152364370,2009,24,-44547688,42364370
316,2013-11-01,Ender's Game,110000000,61737191,127983283,2013,44,-48262809,17983283
317,2004-04-02,Home on the Range,110000000,50026353,76482461,2004,14,-59973647,-33517539
318,2005-05-06,Kingdom of Heaven,110000000,47398413,218853353,2005,18,-62601587,108853353
319,2017-03-31,Ghost in the Shell,110000000,40563557,167910690,2017,13,-69436443,57910690
320,2004-06-16,Around the World in 80 Days,110000000,24004159,72004159,2004,25,-85995841,-37995841
321,2001-12-19,The Lord of the Rings: The Fellowship of the Ring,109000000,315544750,887210985,2001,51,206544750,778210985
322,2003-11-21,The Cat in the Hat,109000000,101018283,133818283,2003,47,-7981717,24818283
323,2001-12-25,Ali,109000000,58183966,87683966,2001,52,-50816034,-21316034
324,2015-10-02,The Martian,108000000,228433663,655271443,2015,40,120433663,547271443
325,2016-11-23,Allied,106000000,40098064,119266661,2016,47,-65901936,13266661
326,2004-07-16,"I, Robot",105000000,144801023,348629585,2004,29,39801023,243629585
327,2009-11-25,The Princess and the Frog,105000000,104400899,270997378,2009,48,-599101,165997378
328,2008-03-07,"10,000 B.C.",105000000,94784201,269065678,2008,10,-10215799,164065678
329,2016-07-22,Ice Age: Collision Course,105000000,64063008,402156682,2016,29,-40936992,297156682
330,2001-04-27,Town & Country,105000000,6712451,10364769,2001,17,-98287549,-94635231
331,2017-09-22,Kingsman: The Golden Circle,104000000,100234838,408803696,2017,38,-3765162,304803696
332,2013-05-23,The Hangover 3,103000000,112200072,362000072,2013,21,9200072,259000072
333,2018-03-09,A Wrinkle in Time,103000000,100478608,133401882,2018,10,-2521392,30401882
334,2009-07-01,Public Enemies,102500000,97104620,212282709,2009,27,-5395380,109782709
335,2006-11-17,Casino Royale,102000000,167365000,594420283,2006,46,65365000,492420283
336,2002-06-21,Minority Report,102000000,132024714,358824714,2002,25,30024714,256824714
337,2018-12-21,Bumblebee,102000000,127195589,465195589,2018,51,25195589,363195589
338,2012-10-26,Cloud Atlas,102000000,27108272,130673154,2012,43,-74891728,28673154
339,2002-11-15,Harry Potter and the Chamber of Secrets,100000000,262233381,879225135,2002,46,162233381,779225135
340,2001-07-27,Planet of the Apes,100000000,180011740,362211740,2001,30,80011740,262211740
341,2004-11-19,National Treasure,100000000,173005002,331323410,2004,47,73005002,231323410
342,2012-12-25,Django Unchained,100000000,162805434,449948323,2012,52,62805434,349948323
343,2010-12-22,Little Fockers,100000000,148438600,310650574,2010,51,48438600,210650574
344,2007-11-02,American Gangster,100000000,130164645,267985456,2007,44,30164645,167985456
345,2009-09-18,Cloudy with a Chance of Meatballs,100000000,124870275,236827677,2009,38,24870275,136827677
346,2010-08-06,The Other Guys,100000000,119219978,170936470,2010,31,19219978,70936470
347,2004-12-17,Lemony Snicket's A Series of Unfortunate Events,100000000,118627117,212956024,2004,51,18627117,112956024
348,2013-12-25,The Wolf of Wall Street,100000000,116900694,389870414,2013,52,16900694,289870414
349,2013-05-24,Epic,100000000,107518682,262794441,2013,21,7518682,162794441
350,2012-08-17,The Expendables 2,100000000,85028192,311979256,2012,33,-14971808,211979256
351,2009-10-16,Where the Wild Things Are,100000000,77233467,99123656,2009,42,-22766533,-876344
352,2006-12-15,Eragon,100000000,75030163,249488115,2006,50,-24969837,149488115
353,2014-07-25,Hercules,100000000,72688614,243388614,2014,30,-27311386,143388614
354,2010-12-10,The Tourist,100000000,67631157,278731369,2010,49,-32368843,178731369
355,2004-06-11,The Stepford Wives,100000000,59475623,96221971,2004,24,-40524377,-3778029
356,2007-06-08,Surf's Up,100000000,58867694,145395745,2007,23,-41132306,45395745
357,2006-12-08,Blood Diamond,100000000,57377916,171377916,2006,49,-42622084,71377916
358,2010-09-24,Legend of the Guardians: The Owls of Ga'Hoole,100000000,55675313,139716717,2010,38,-44324687,39716717
359,2009-06-05,Land of the Lost,100000000,49438370,69548641,2009,23,-50561630,-30451359
360,2003-12-25,Peter Pan,100000000,48417850,95255485,2003,52,-51582150,-4744515
361,2019-03-15,Wonder Park,100000000,45216793,115130648,2019,11,-54783207,15130648
362,2004-07-23,Catwoman,100000000,40202379,82145379,2004,30,-59797621,-17854621
363,2014-08-15,The Expendables 3,100000000,39322544,209461378,2014,33,-60677456,109461378
364,2002-11-27,Treasure Planet,100000000,38120554,91800000,2002,48,-61879446,-8200000
365,2010-03-12,Green Zone,100000000,35497337,97523020,2010,10,-64502663,-2476980
366,2017-10-20,Geostorm,100000000,33700160,220796009,2017,42,-66299840,120796009
367,2015-12-25,Point Break,100000000,28782481,126704591,2015,52,-71217519,26704591
368,2015-12-11,In the Heart of the Sea,100000000,25020758,89693309,2015,50,-74979242,-10306691
369,2014-04-18,Transcendence,100000000,23022309,103039258,2014,16,-76977691,3039258
370,2005-02-18,Son of the Mask,100000000,17018422,59918422,2005,7,-82981578,-40081578
371,2018-12-14,Mortal Engines,100000000,15951040,85287417,2018,50,-84048960,-14712583
372,2002-08-16,The Adventures of Pluto Nash,100000000,4411102,7094995,2002,33,-95588898,-92905005
373,2012-01-20,Jin lÃ­ng shÃ­ san chai,100000000,311434,98227017,2012,3,-99688566,-1772983
374,2015-11-06,The Peanuts Movie,99000000,130178411,250091610,2015,45,31178411,151091610
375,2019-02-08,The LEGO Movie 2: The Second Part,99000000,105806508,190209817,2019,6,6806508,91209817
376,2018-11-21,Robin Hood,99000000,30824628,84747441,2018,47,-68175372,-14252559
377,2001-05-04,The Mummy Returns,98000000,202007640,435040395,2001,18,104007640,337040395
378,2002-12-20,Gangs of New York,97000000,77730500,183124621,2002,51,-19269500,86124621
379,2017-05-19,Alien: Covenant,97000000,74262031,238521247,2017,20,-22737969,141521247
380,2015-03-13,Cinderella,95000000,201151353,534551353,2015,11,106151353,439551353
381,2012-07-13,Ice Age: Continental Drift,95000000,161321843,879765137,2012,28,66321843,784765137
382,2001-12-28,Black Hawk Down,95000000,108638745,159691085,2001,52,13638745,64691085
383,2010-05-27,Sex and the City 2,95000000,95347692,294680778,2010,21,347692,199680778
384,2010-02-12,Percy Jackson & the Olympians: The Lightning Thief,95000000,88768303,223050874,2010,6,-6231697,128050874
385,2012-08-10,The Campaign,95000000,86907746,104907746,2012,32,-8092254,9907746
386,2010-11-12,Unstoppable,95000000,81562942,165720921,2010,45,-13437058,70720921
387,2009-12-11,The Lovely Bones,95000000,44114232,94894448,2009,50,-50885768,-105552
388,2016-08-19,Ben-Hur,95000000,26410477,91669648,2016,33,-68589523,-3330352
389,2015-02-06,Seventh Son,95000000,17725785,108874967,2015,6,-77274215,13874967
390,2003-05-30,Finding Nemo,94000000,380529370,936429370,2003,22,286529370,842429370
391,2003-12-17,The Lord of the Rings: The Return of the King,94000000,377845905,1141403341,2003,51,283845905,1047403341
392,2002-12-18,The Lord of the Rings: The Two Towers,94000000,342548984,934699645,2002,51,248548984,840699645
393,2001-06-15,Lara Croft: Tomb Raider,94000000,131144183,273330185,2001,24,37144183,179330185
394,2015-02-13,Kingsman: The Secret Service,94000000,128261724,404561724,2015,7,34261724,310561724
395,2001-07-18,Jurassic Park III,93000000,181166115,365900000,2001,29,88166115,272900000
396,2011-08-05,Rise of the Planet of the Apes,93000000,176760185,470986200,2011,31,83760185,377986200
397,2008-02-14,The Spiderwick Chronicles,92500000,71195053,162839667,2008,7,-21304947,70339667
398,2004-11-05,The Incredibles,92000000,261441092,614726752,2004,45,169441092,522726752
399,2013-02-14,A Good Day to Die Hard,92000000,67349198,304249198,2013,7,-24650802,212249198
400,2004-04-09,The Alamo,92000000,22406362,23911362,2004,15,-69593638,-68088638
401,2013-12-25,The Secret Life of Walter Mitty,91000000,58236838,187861183,2013,52,-32763162,96861183
402,2017-12-20,Jumanji: Welcome to the Jungle,90000000,404508916,964496193,2017,51,314508916,874496193
403,2001-08-03,Rush Hour 2,90000000,226164286,347425832,2001,31,136164286,257425832
404,2009-12-25,Sherlock Holmes,90000000,209028679,498438212,2009,52,119028679,408438212
405,2009-07-01,Ice Age: Dawn of the Dinosaurs,90000000,196573705,859701857,2009,27,106573705,769701857
406,2018-12-14,Spider-Man: Into The Spider-Verse 3D,90000000,190173195,375380731,2018,50,100173195,285380731
407,2011-04-15,Rio,90000000,143619809,487519809,2011,15,53619809,397519809
408,2006-10-06,The Departed,90000000,132384315,289660619,2006,40,42384315,199660619
409,2008-08-13,Tropic Thunder,90000000,110515313,191145256,2008,33,20515313,101145256
410,2011-12-20,The Girl with the Dragon Tattoo,90000000,102515793,239373970,2011,51,12515793,149373970
411,2008-06-06,You Don't Mess With the Zohan,90000000,100018837,202910991,2008,23,10018837,112910991
412,2016-09-23,The Magnificent Seven,90000000,93432655,162525156,2016,38,3432655,72525156
413,2015-12-18,Alvin and the Chipmunks: The Road Chip,90000000,85886987,249517956,2015,51,-4113013,159517956
414,2001-06-08,Atlantis: The Lost Empire,90000000,84052762,186049020,2001,23,-5947238,96049020
415,2008-12-25,Valkyrie,90000000,83107829,203932174,2008,52,-6892171,113932174
416,2015-07-24,Pixels,90000000,78765986,244041804,2015,30,-11234014,154041804
417,2001-06-29,Artificial Intelligence: AI,90000000,78616689,235900000,2001,26,-11383311,145900000
418,2003-11-26,The Haunted Mansion,90000000,75817994,155750628,2003,48,-14182006,65750628
419,2005-04-22,The Interpreter,90000000,72708161,162753837,2005,16,-17291839,72753837
420,2013-08-07,Percy Jackson: Sea of Monsters,90000000,68559554,200859554,2013,32,-21440446,110859554
421,2003-07-25,Lara Croft: Tomb Raider: The Cradle of Life,90000000,65653758,157092943,2003,30,-24346242,67092943
422,2016-06-10,Now You See Me 2,90000000,65075540,328325007,2016,23,-24924460,238325007
423,2001-11-21,Spy Game,90000000,62362560,143049560,2001,47,-27637440,53049560
424,2018-03-16,Tomb Raider,90000000,58250803,273477501,2018,11,-31749197,183477501
425,2004-07-07,King Arthur,90000000,51877963,203877963,2004,28,-38122037,113877963
426,2019-07-26,Once Upon a Timeâ¦in Hollywood,90000000,45718397,45718397,2019,30,-44281603,-44281603
427,2002-07-19,K-19: The Widowmaker,90000000,35168966,65716126,2002,29,-54831034,-24283874
428,2011-08-19,Conan the Barbarian,90000000,21295021,63356133,2011,33,-68704979,-26643867
429,2011-10-21,The Three Musketeers,90000000,20377913,139877913,2011,42,-69622087,49877913
430,2017-04-21,The Promise,90000000,8224288,10551417,2017,16,-81775712,-79448583
431,2010-11-24,The Nutcracker in 3D,90000000,195459,20466016,2010,47,-89804541,-69533984
432,2017-12-13,Bright,90000000,0,0,2017,50,-90000000,-90000000
433,2019-12-31,Army of the Dead,90000000,0,0,2019,1,-90000000,-90000000
434,2005-06-03,Cinderella Man,88000000,61649911,105021488,2005,22,-26350089,17021488
435,2018-09-14,The Predator,88000000,51024708,159487563,2018,37,-36975292,71487563
436,2005-07-08,Fantastic Four,87500000,154696080,333132750,2005,27,67196080,245632750
437,2001-02-09,Hannibal,87000000,165092266,350100280,2001,6,78092266,263100280
438,2003-07-25,Seabiscuit,86000000,120277854,148715342,2003,30,34277854,62715342
439,2006-11-17,Happy Feet,85000000,198000317,385000317,2006,46,113000317,300000317
440,2001-12-07,Ocean's Eleven,85000000,183417150,450728529,2001,49,98417150,365728529
441,2004-07-23,The Bourne Supremacy,85000000,176087450,311001124,2004,30,91087450,226001124
442,2009-04-03,Fast & Furious,85000000,155064265,363064265,2009,14,70064265,278064265
443,2008-03-14,Horton Hears a Who,85000000,154529439,299477886,2008,11,69529439,214477886
444,2014-03-21,Divergent,85000000,150947895,276014965,2014,12,65947895,191014965
445,2012-09-28,Hotel Transylvania,85000000,148313048,378505812,2012,39,63313048,293505812
446,2019-04-05,Shazam!,85000000,140371656,363664533,2019,14,55371656,278664533
447,2007-11-21,Enchanted,85000000,127706877,340384141,2007,47,42706877,255384141
448,2012-02-10,Safe House,85000000,126181630,208542162,2012,6,41181630,123542162
449,2007-07-20,I Now Pronounce You Chuck and Larry,85000000,119725280,185708462,2007,29,34725280,100708462
450,2007-06-08,Ocean's Thirteen,85000000,117144465,311744465,2007,23,32144465,226744465
451,2009-12-25,It's Complicated,85000000,112735375,224614744,2009,52,27735375,139614744
452,2006-09-29,Open Season,85000000,85105259,191932158,2006,39,105259,106932158
453,2011-11-04,Tower Heist,85000000,78046570,150422946,2011,44,-6953430,65422946
454,2012-03-30,Mirror Mirror,85000000,64935167,173613482,2012,13,-20064833,88613482
455,2006-12-08,The Holiday,85000000,63280000,205190324,2006,49,-21720000,120190324
456,2006-06-16,The Fast and the Furious: Tokyo Drift,85000000,62615510,157794205,2006,24,-22384490,72794205
457,2005-12-09,Memoirs of a Geisha,85000000,57010853,161510853,2005,49,-27989147,76510853
458,2001-03-16,Enemy at the Gates,85000000,51396781,96971293,2001,11,-33603219,11971293
459,2003-09-26,The Rundown,85000000,47641743,80831893,2003,39,-37358257,-4168107
460,2011-11-23,Arthur Christmas,85000000,46462469,149717124,2011,47,-38537531,64717124
461,2017-01-20,xXx: Return of Xander Cage,85000000,44898413,345033359,2017,3,-40101587,260033359
462,2010-07-30,Cats & Dogs: The Revenge of Kitty Galore,85000000,43585753,113026383,2010,30,-41414247,28026383
463,2002-02-08,Collateral Damage,85000000,40048332,78353508,2002,6,-44951668,-6646492
464,2002-03-15,Showtime,85000000,37948765,78948765,2002,11,-47051235,-6051235
465,2007-03-02,Zodiac,85000000,33080084,83080084,2007,9,-51919916,-1919916
466,2010-08-13,Scott Pilgrim vs. The World,85000000,31611316,48056764,2010,32,-53388684,-36943236
467,2003-03-28,The Core,85000000,31111260,74120792,2003,13,-53888740,-10879208
468,2017-12-20,The Greatest Showman,84000000,174340174,386665550,2017,51,90340174,302665550
469,2002-06-14,Scooby-Doo,84000000,153294164,276294164,2002,24,69294164,192294164
470,2013-07-19,RED 2,84000000,53262560,141507355,2013,29,-30737440,57507355
471,2006-06-23,Click,82500000,137355633,237685089,2006,25,54855633,155185089
472,2006-12-15,Charlotte's Web,82500000,82985708,143985708,2006,50,485708,61485708
473,2008-02-14,Jumper,82500000,80172128,222640812,2008,7,-2327872,140140812
474,2008-07-11,Hellboy II: The Golden Army,82500000,75986503,160388063,2008,28,-6513497,77888063
475,2005-05-27,The Longest Yard,82000000,158119460,191558505,2005,21,76119460,109558505
476,2010-08-13,The Expendables,82000000,103068524,268268174,2010,32,21068524,186268174
477,2020-02-21,Call of the Wild,82000000,0,0,2020,8,-82000000,-82000000
478,2003-05-23,Bruce Almighty,81000000,242704995,484468608,2003,21,161704995,403468608
479,2012-03-23,The Hunger Games,80000000,408010692,677923379,2012,12,328010692,597923379
480,2011-05-26,The Hangover Part II,80000000,254464305,586464305,2011,21,174464305,506464305
481,2017-02-10,The Lego Batman Movie,80000000,175750384,310660018,2017,6,95750384,230660018
482,2015-09-25,Hotel Transylvania 2,80000000,169700110,469500298,2015,39,89700110,389500298
483,2006-05-19,Over the Hedge,80000000,155019340,343397247,2006,20,75019340,263397247
484,2019-06-07,The Secret Life of Pets 2,80000000,153918300,331990024,2019,23,73918300,251990024
485,2002-06-21,Lilo & Stitch,80000000,145771527,245800000,2002,25,65771527,165800000
486,2013-07-12,Grown Ups 2,80000000,133668525,247023808,2013,28,53668525,167023808
487,2011-12-16,Alvin and the Chipmunks: Chipwrecked,80000000,133107389,349088523,2011,50,53107389,269088523
488,2008-06-20,Get Smart,80000000,130319208,226739416,2008,25,50319208,146739416
489,2005-03-11,Robots,80000000,128200012,260700012,2005,10,48200012,180700012
490,2010-02-19,Shutter Island,80000000,128012934,299461782,2010,7,48012934,219461782
491,2003-12-12,Something's Gotta Give,80000000,124685242,266685242,2003,50,44685242,186685242
492,2008-11-26,Four Christmases,80000000,120146040,168311558,2008,48,40146040,88311558
493,2008-12-25,Bedtime Stories,80000000,110101975,221468935,2008,52,30101975,141468935
494,2002-07-12,Road to Perdition,80000000,104054514,183354514,2002,28,24054514,103354514
495,2011-02-11,Just Go With It,80000000,103028109,214974953,2011,6,23028109,134974953
496,2003-02-14,Daredevil,80000000,102543518,182782518,2003,7,22543518,102782518
497,2008-09-26,Eagle Eye,80000000,101440743,180585259,2008,39,21440743,100585259
498,2010-12-17,Yogi Bear,80000000,100246011,204774690,2010,50,20246011,124774690
499,2003-12-25,Cold Mountain,80000000,95632614,165173909,2003,52,15632614,85173909
500,2010-01-15,The Book of Eli,80000000,94835059,158750817,2010,2,14835059,78750817
501,2014-10-17,Fury,80000000,85817906,210315681,2014,42,5817906,130315681
502,2018-09-28,Smallfoot,80000000,83240103,213686569,2018,39,3240103,133686569
503,2006-02-10,The Pink Panther,80000000,82226474,158926474,2006,6,2226474,78926474
504,2011-07-08,Zookeeper,80000000,80360866,170805525,2011,27,360866,90805525
505,2008-12-12,The Day the Earth Stood Still,80000000,79366978,237370350,2008,50,-633022,157370350
506,2002-05-24,Spirit: Stallion of the Cimarron,80000000,73215310,106515310,2002,21,-6784690,26515310
507,2001-06-08,Swordfish,80000000,69772969,147080413,2001,23,-10227031,67080413
508,2004-07-30,The Manchurian Candidate,80000000,65948711,96148711,2004,31,-14051289,16148711
509,2006-11-22,DÃ©jÃ Vu,80000000,64038616,181038616,2006,47,-15961384,101038616
510,2005-06-24,Bewitched,80000000,63313159,131159306,2005,25,-16686841,51159306
511,2002-03-08,The Time Machine,80000000,56684819,98983590,2002,10,-23315181,18983590
512,2005-10-28,The Legend of Zorro,80000000,45575336,141475336,2005,43,-34424664,61475336
513,2009-09-25,Surrogates,80000000,38577772,119668350,2009,39,-41422228,39668350
514,2001-06-08,Evolution,80000000,38311134,98341932,2001,23,-41688866,18341932
515,2005-08-26,The Brothers Grimm,80000000,37899638,105299638,2005,34,-42100362,25299638
516,2006-04-14,The Wild,80000000,37384046,99010667,2006,15,-42615954,19010667
517,2013-12-20,Walking with Dinosaurs,80000000,36076121,123368842,2013,51,-43923879,43368842
518,2015-10-23,The Last Witch Hunter,80000000,27367660,130818912,2015,43,-52632340,50818912
519,2014-02-21,Pompeii,80000000,23169033,108469033,2014,8,-56830967,28469033
520,2003-11-14,Looney Tunes: Back in Action,80000000,20950820,54540662,2003,46,-59049180,-25459338
521,2009-12-18,Nine,80000000,19676965,53508858,2009,51,-60323035,-26491142
522,2003-11-26,Timeline,80000000,19480739,26703184,2003,48,-60519261,-53296816
523,2010-04-22,Oceans,80000000,19422319,86787530,2010,16,-60577681,6787530
524,2007-01-12,Arthur et les Minimoys,80000000,15132763,113325743,2007,2,-64867237,33325743
525,2007-08-17,The Invasion,80000000,15074191,40147042,2007,33,-64925809,-39852958
526,2005-09-02,A Sound of Thunder,80000000,1900451,6300451,2005,35,-78099549,-73699549
527,2012-02-10,Journey 2: The Mysterious Island,79000000,103860290,318146162,2012,6,24860290,239146162
528,2011-11-11,Jack and Jill,79000000,74158157,150519217,2011,45,-4841843,71519217
529,2001-12-21,A Beautiful Mind,78000000,170708996,317668058,2001,51,92708996,239668058
530,2013-09-27,Cloudy with a Chance of Meatballs 2,78000000,119793567,274392649,2013,39,41793567,196392649
531,2002-10-04,Red Dragon,78000000,92955420,206455420,2002,40,14955420,128455420
532,2004-03-05,Hidalgo,78000000,67286731,108086731,2004,10,-10713269,30086731
533,2003-07-11,The League of Extraordinary Gentlemen,78000000,66465204,179265204,2003,28,-11534796,101265204
534,2004-08-20,Exorcist: The Beginning,78000000,41814863,43957541,2004,34,-36185137,-34042459
535,2012-12-31,AstÃ©rix et ObÃ©lix: Au service de Sa MajestÃ©,77600000,0,60680125,2012,1,-77600000,-16919875
536,2016-02-12,The Little Prince,77500000,1311213,102028919,2016,6,-76188787,24528919
537,2019-01-22,Renegades,77500000,0,1521672,2019,4,-77500000,-75978328
538,2018-07-20,The Equalizer 2,77000000,102084362,190453132,2018,29,25084362,113453132
539,2013-07-03,Despicable Me 2,76000000,368065385,975216835,2013,27,292065385,899216835
540,2003-06-06,2 Fast 2 Furious,76000000,127120058,236410607,2003,23,51120058,160410607
541,2006-12-25,Children of Men,76000000,35552383,69845011,2006,52,-40447617,-6154989
542,2016-07-08,The Secret Life of Pets,75000000,368384330,886606412,2016,27,293384330,811606412
543,2018-11-09,Dr. Seuss' The Grinch,75000000,270620950,510987969,2018,45,195620950,435987969
544,2016-12-21,Sing,75000000,270329045,634454789,2016,51,195329045,559454789
545,2017-06-30,Despicable Me 3,75000000,264624300,1034727750,2017,26,189624300,959727750
546,2006-03-31,Ice Age: The Meltdown,75000000,195330621,651899282,2006,13,120330621,576899282
547,2005-05-27,Madagascar,75000000,193595521,556559566,2005,21,118595521,481559566
548,2010-06-25,Grown Ups,75000000,162001186,272223430,2010,25,87001186,197223430
549,2004-10-01,Shark Tale,75000000,161412000,371917043,2004,40,86412000,296917043
550,2008-06-27,Wanted,75000000,134508551,342416460,2008,26,59508551,267416460
551,2004-02-13,50 First Dates,75000000,120776832,196320329,2004,7,45776832,121320329
552,2007-07-20,Hairspray,75000000,118871849,203035572,2007,29,43871849,128035572
553,2013-05-31,Now You See Me,75000000,117723989,342769200,2013,22,42723989,267769200
554,2006-12-15,Dreamgirls,75000000,103365956,155708695,2006,50,28365956,80708695
555,2018-08-03,Christopher Robin,75000000,99215042,197504758,2018,31,24215042,122504758
556,2011-11-11,Immortals,75000000,83504017,211562435,2011,45,8504017,136562435
557,2004-06-18,The Terminal,75000000,77073959,218673959,2004,25,2073959,143673959
558,2005-02-18,Constantine,75000000,75976178,221594911,2005,7,976178,146594911
559,2006-07-21,Monster House,75000000,73661010,141267370,2006,29,-1338990,66267370
560,2007-12-21,Charlie Wilson's War,75000000,66661095,119512771,2007,51,-8338905,44512771
561,2005-03-04,Be Cool,75000000,55849401,94944017,2005,9,-19150599,19944017
562,2005-12-23,Munich,75000000,47379090,131492772,2005,51,-27620910,56492772
563,2010-06-04,Killers,75000000,47059963,95572749,2010,22,-27940037,20572749
564,2015-08-14,The Man From U.N.C.L.E.,75000000,45445109,104949584,2015,33,-29554891,29949584
565,2003-03-07,Tears of the Sun,75000000,43632458,85632458,2003,10,-31367542,10632458
566,2006-07-21,Lady in the Water,75000000,42285169,72785169,2006,29,-32714831,-2214831
567,2004-12-17,Spanglish,75000000,42044321,54344321,2004,51,-32955679,-20655679
568,2001-10-12,Bandits,75000000,41523271,71523271,2001,41,-33476729,-3476729
569,2011-03-25,Sucker Punch,75000000,36392502,89758389,2011,12,-38607498,14758389
570,2005-03-11,Hostage,75000000,34636443,77636443,2005,10,-40363557,2636443
571,2016-10-28,Inferno,75000000,34343574,219519367,2016,43,-40656426,144519367
572,2003-06-13,Hollywood Homicide,75000000,30207785,50409753,2003,24,-44792215,-24590247
573,2004-12-17,Flight of the Phoenix,75000000,21009180,34009180,2004,51,-53990820,-40990820
574,2001-02-23,Monkeybone,75000000,5409517,5409517,2001,8,-69590483,-69590483
575,2019-08-30,PLAYMOBIL,75000000,0,0,2019,35,-75000000,-75000000
576,2020-12-31,355,75000000,0,0,2020,53,-75000000,-75000000
577,2015-07-10,Minions,74000000,336045770,1160336173,2015,28,262045770,1086336173
578,2015-02-06,The SpongeBob Movie: Sponge Out of Water,74000000,162994032,311013181,2015,6,88994032,237013181
579,2006-08-04,Talladega Nights: The Ballad of Ricky Bobby,73000000,148213377,162870525,2006,31,75213377,89870525
580,2016-05-20,The Angry Birds Movie,73000000,107509366,352327887,2016,20,34509366,279327887
581,2007-07-27,The Simpsons Movie,72500000,183135014,527071022,2007,30,110635014,454571022
582,2008-02-08,Fool's Gold,72500000,70231041,109362966,2008,6,-2268959,36862966
583,2009-07-31,Funny People,72500000,51855045,71880305,2009,31,-20644955,-619695
584,2007-09-28,The Kingdom,72500000,47467250,86802457,2007,39,-25032750,14302457
585,2001-06-22,Dr. Dolittle 2,72000000,112950721,176101721,2001,25,40950721,104101721
586,2005-11-04,Jarhead,72000000,62647540,96947540,2005,44,-9352460,24947540
587,2001-04-27,Driven,72000000,32616869,54616869,2001,17,-39383131,-17383131
588,2001-12-21,The Majestic,72000000,27796042,37306334,2001,51,-44203958,-34693666
589,2004-06-25,Two Brothers,72000000,19176754,62176754,2004,26,-52823246,-9823246
590,2004-07-30,The Village,71682975,114197520,257641634,2004,31,42514545,185958659
591,2002-08-02,Signs,70702619,227969295,408269295,2002,31,157266676,337566676
592,2004-05-19,Shrek 2,70000000,441226247,937008132,2004,21,371226247,867008132
593,2006-06-09,Cars,70000000,244082982,461651246,2006,23,174082982,391651246
594,2009-12-23,Alvin and the Chipmunks: The Squeakquel,70000000,219614612,443483213,2009,52,149614612,373483213
595,2002-08-09,xXx,70000000,141930000,267200000,2002,32,71930000,197200000
596,2018-06-08,Ocean's 8,70000000,140218711,297115976,2018,23,70218711,227115976
597,2009-08-21,Inglourious Basterds,70000000,120774594,316915264,2009,34,50774594,246915264
598,2003-08-08,S.W.A.T.,70000000,116877597,207154748,2003,32,46877597,137154748
599,2017-11-10,Daddy's Home 2,70000000,104029443,175807183,2017,45,34029443,105807183
600,2001-12-14,Vanilla Sky,70000000,100614858,202726605,2001,50,30614858,132726605
601,2013-03-22,Olympus Has Fallen,70000000,98927592,172878928,2013,12,28927592,102878928
602,2011-03-11,Battle: Los Angeles,70000000,83552429,213463976,2011,10,13552429,143463976
603,2004-08-13,AVP: Alien Vs. Predator,70000000,80281096,172543519,2004,33,10281096,102543519
604,2011-12-25,War Horse,70000000,79883359,156815529,2011,51,9883359,86815529
605,2002-03-01,We Were Soldiers,70000000,78120196,114658262,2002,9,8120196,44658262
606,2014-02-07,The Monuments Men,70000000,78031620,158702748,2014,6,8031620,88702748
607,2016-09-23,Storks,70000000,72679278,183353431,2016,38,2679278,113353431
608,2003-12-10,Big Fish,70000000,66432867,123954323,2003,50,-3567133,53954323
609,2012-01-20,Underworld: Awakening,70000000,62321039,160379930,2012,3,-7678961,90379930
610,2017-09-22,The Lego Ninjago Movie,70000000,59281555,122737201,2017,38,-10718445,52737201
611,2014-10-10,Dracula Untold,70000000,55991880,220241723,2014,41,-14008120,150241723
612,2006-09-29,The Guardian,70000000,55011732,94973540,2006,39,-14988268,24973540
613,2010-09-24,Wall Street 2: Money Never Sleeps,70000000,52474616,137431619,2010,38,-17525384,67431619
614,2011-01-14,The Dilemma,70000000,48475290,70546865,2011,2,-21524710,546865
615,2005-12-25,Rumor Has It,70000000,42996140,88933562,2005,51,-27003860,18933562
616,2007-08-10,Stardust,70000000,38634938,137022245,2007,32,-31365062,67022245
617,2012-06-15,Rock of Ages,70000000,38518613,61031932,2012,24,-31481387,-8968068
618,2004-09-17,Sky Captain and the World of Tomorrow,70000000,37760080,49730854,2004,38,-32239920,-20269146
619,2007-09-14,The Brave One,70000000,36793804,69792704,2007,37,-33206196,-207296
620,2002-11-01,I Spy,70000000,33561137,60279822,2002,44,-36438863,-9720178
621,2002-06-07,Bad Company,70000000,30157016,69157016,2002,23,-39842984,-842984
622,2005-10-21,Doom,70000000,28212337,58757178,2005,42,-41787663,-11242822
623,2016-01-29,The Finest Hours,70000000,27569558,49252761,2016,4,-42430442,-20747239
624,2013-10-18,Escape Plan,70000000,25135965,103735965,2013,42,-44864035,33735965
625,2011-09-23,Killer Elite,70000000,25124986,65409046,2011,38,-44875014,-4590954
626,2002-02-15,Hart's War,70000000,19076815,33076815,2002,7,-50923185,-36923185
627,2002-02-08,Rollerball,70000000,18990542,25852508,2002,6,-51009458,-44147492
628,2014-01-10,The Legend of Hercules,70000000,18848538,58953319,2014,2,-51151462,-11046681
629,2007-04-27,Next,70000000,18211013,73591500,2007,17,-51788987,3591500
630,2002-09-20,Ballistic: Ecks vs. Sever,70000000,14294842,14294842,2002,38,-55705158,-55705158
631,2001-08-10,Osmosis Jones,70000000,13596911,13596911,2001,32,-56403089,-56403089
632,2014-05-09,Legends of Oz: Dorothy's Return,70000000,8462347,20107933,2014,19,-61537653,-49892067
633,2015-01-16,Blackhat,70000000,8005980,19665004,2015,3,-61994020,-50334996
634,2006-03-31,Basic Instinct 2,70000000,5946136,35417162,2006,13,-64053864,-34582838
635,2010-05-28,Agora,70000000,619423,38992292,2010,21,-69380577,-31007708
636,2010-07-09,Despicable Me,69000000,251513985,543464573,2010,27,182513985,474464573
637,2010-07-30,Dinner for Schmucks,69000000,73026337,86796502,2010,30,4026337,17796502
638,2018-03-02,Red Sparrow,69000000,46874505,145951861,2018,9,-22125495,76951861
639,2010-06-30,The Twilight Saga: Eclipse,68000000,300531751,706102828,2010,26,232531751,638102828
640,2002-05-31,The Sum of All Fears,68000000,118471320,193500000,2002,22,50471320,125500000
641,2015-06-26,Ted 2,68000000,81476385,217214143,2015,26,13476385,149214143
642,2001-07-13,The Score,68000000,71069884,113542091,2001,28,3069884,45542091
643,2011-02-25,Hall Pass,68000000,45060734,87173475,2011,8,-22939266,19173475
644,2003-03-21,Dreamcatcher,68000000,33685268,75685268,2003,12,-34314732,7685268
645,2017-12-22,Downsizing,68000000,24449754,54462971,2017,51,-43550246,-13537029
646,2012-03-02,Doctor Seuss' The Lorax,67500000,214030500,350976753,2012,9,146530500,283476753
647,2008-10-10,Body of Lies,67500000,39394666,118556530,2008,41,-28105334,51056530
648,2012-06-22,Abraham Lincoln: Vampire Hunter,67500000,37519139,137489730,2012,25,-29980861,69989730
649,2007-08-17,The Last Legion,67000000,5932060,25357771,2007,33,-61067940,-41642229
650,2014-03-14,Need for Speed,66000000,43568507,194169619,2014,11,-22431493,128169619
651,2012-11-09,Lincoln,65000000,182207973,273346281,2012,45,117207973,208346281
652,2002-03-15,Ice Age,65000000,176387405,386116343,2002,11,111387405,321116343
653,2018-07-13,Hotel Transylvania 3: Summer Vacation,65000000,167500092,527067879,2018,28,102500092,462067879
654,2012-12-25,Les Miserables,65000000,148809770,442169052,2012,52,83809770,377169052
655,2002-11-01,The Santa Clause 2,65000000,139225854,172825854,2002,44,74225854,107825854
656,2014-12-25,Unbroken,65000000,115637895,163527824,2014,52,50637895,98527824
657,2015-06-05,Spy!,65000000,110825712,232585748,2015,23,45825712,167585748
658,2010-11-05,Due Date,65000000,100539043,211739043,2010,44,35539043,146739043
659,2008-07-25,Step Brothers,65000000,100468793,128468793,2008,30,35468793,63468793
660,2014-12-19,Annie,65000000,85911262,139829625,2014,51,20911262,74829625
661,2016-08-12,Pete's Dragon,65000000,76233151,137768975,2016,32,11233151,72768975
662,2006-08-09,World Trade Center,65000000,70278893,163295654,2006,32,5278893,98295654
663,2003-12-19,Mona Lisa Smile,65000000,63803100,141205169,2003,51,-1196900,76205169
664,2012-05-16,The Dictator,65000000,59650222,180148897,2012,20,-5349778,115148897
665,2012-02-17,This Means War,65000000,54760791,156974557,2012,7,-10239209,91974557
666,2015-02-27,Focus,65000000,53862963,168065700,2015,9,-11137037,103065700
667,2004-12-08,Blade: Trinity,65000000,52397389,131353165,2004,50,-12602611,66353165
668,2012-11-21,Red Dawn,65000000,44806783,48164150,2012,47,-20193217,-16835850
669,2006-12-22,We Are Marshall,65000000,43545364,43545364,2006,51,-21454636,-21454636
670,2015-09-18,Everest,65000000,43482270,221297061,2015,38,-21517730,156297061
671,2012-09-14,Resident Evil: Retribution,65000000,42345531,240647629,2012,37,-22654469,175647629
672,2008-08-22,Death Race,65000000,36316032,72516819,2008,34,-28683968,7516819
673,2005-11-11,Zathura,65000000,28045540,58545540,2005,45,-36954460,-6454460
674,2003-11-26,The Missing,65000000,26900336,38253433,2003,48,-38099664,-26746567
675,2005-01-14,Elektra,65000000,24409722,56824633,2005,2,-40590278,-8175367
676,2009-10-23,Astro Boy,65000000,19551067,41636243,2009,43,-45448933,-23363757
677,2014-01-24,"I, Frankenstein",65000000,19075290,74575290,2014,4,-45924710,9575290
678,2014-08-22,Sin City: A Dame to Kill For,65000000,13757804,40650842,2014,34,-51242196,-24349158
679,2016-12-25,Live by Night,65000000,10378555,21774432,2016,51,-54621445,-43225568
680,2005-09-23,Oliver Twist,65000000,2070920,26670920,2005,38,-62929080,-38329080
681,2015-09-04,Tian jiang xiong shi,65000000,74070,122519874,2015,36,-64925930,57519874
682,2018-10-26,Air Strike,65000000,0,516279,2018,43,-65000000,-64483721
683,2006-07-14,Little Man,64000000,58636047,101636047,2006,28,-5363953,37636047
684,2006-12-27,Perfume: The Story of a Murderer,63700000,2223293,133603463,2006,52,-61476707,69903463
685,2002-07-25,Austin Powers in Goldmember,63000000,213117789,296338663,2002,30,150117789,233338663
686,2011-04-01,Hop,63000000,108085305,188657593,2011,13,45085305,125657593
687,2017-09-15,American Assassin,63000000,36249674,68310140,2017,37,-26750326,5310140
688,2015-12-25,The Hateful Eight,62000000,54117416,147864886,2015,52,-7882584,85864886
689,2008-06-20,The Love Guru,62000000,32235793,40159017,2008,25,-29764207,-21840983
690,2001-02-23,3000 Miles to Graceland,62000000,15738632,18708848,2001,8,-46261368,-43291152
691,2014-10-03,Gone Girl,61000000,167767189,368567189,2014,40,106767189,307567189
692,2007-03-30,Blades of Glory,61000000,118594548,145594548,2007,13,57594548,84594548
693,2015-09-18,Maze Runner: The Scorch Trials,61000000,81697192,310566162,2015,38,20697192,249566162
694,2013-08-02,2 Guns,61000000,75612460,132493015,2013,31,14612460,71493015
695,2018-01-26,Maze Runner: The Death Cure,61000000,58032443,265878536,2018,4,-2967557,204878536
696,2019-01-11,A Dog's Way Home,61000000,41952715,81153454,2019,2,-19047285,20153454
697,2016-02-19,Mei Ren Yu,60720000,3229457,554516671,2016,7,-57490543,493796671
698,2004-12-22,Meet the Fockers,60000000,279167575,516567575,2004,52,219167575,456567575
699,2014-02-07,The Lego Movie,60000000,257784718,457729388,2014,6,197784718,397729388
700,2007-03-09,300,60000000,210614939,454161935,2007,10,150614939,394161935
701,2007-03-02,Wild Hogs,60000000,168213584,253555383,2007,9,108213584,193555383
702,2008-12-25,Marley & Me,60000000,143153751,247812011,2008,52,83153751,187812011
703,2016-09-09,Sully,60000000,125070033,238524556,2016,36,65070033,178524556
704,2002-06-14,The Bourne Identity,60000000,121468960,214357371,2002,24,61468960,154357371
705,2009-10-09,Couples Retreat,60000000,109205660,172450423,2009,41,49205660,112450423
706,2003-05-30,The Italian Job,60000000,106126012,176262839,2003,22,46126012,116262839
707,2003-05-09,Daddy Day Care,60000000,104148781,164285587,2003,19,44148781,104285587
708,2004-08-06,Collateral,60000000,100170152,217670152,2004,32,40170152,157670152
709,2001-07-04,Cats & Dogs,60000000,93375151,200700000,2001,27,33375151,140700000
710,2002-12-20,Two Weeks Notice,60000000,93354918,199043309,2002,51,33354918,139043309
711,2002-04-19,The Scorpion King,60000000,90580000,165890634,2002,16,30580000,105890634
712,2010-10-15,Red,60000000,90380162,196439693,2010,41,30380162,136439693
713,2004-03-05,Starsky & Hutch,60000000,88200225,170200225,2004,10,28200225,110200225
714,2005-12-21,Cheaper by the Dozen 2,60000000,82571173,135015330,2005,51,22571173,75015330
715,2010-08-13,Eat Pray Love,60000000,80574010,206598789,2010,32,20574010,146598789
716,2012-12-21,Jack Reacher,60000000,80070736,217370736,2012,51,20070736,157370736
717,2004-04-23,Man on Fire,60000000,77906816,130968579,2004,17,17906816,70968579
718,2011-09-09,Contagion,60000000,75658097,137551594,2011,36,15658097,77551594
719,2009-02-06,Coraline,60000000,75286229,126037057,2009,6,15286229,66037057
720,2004-10-01,Ladder 49,60000000,74541707,102332848,2004,40,14541707,42332848
721,2009-10-28,Michael Jackson's This Is It,60000000,72091016,252091016,2009,44,12091016,192091016
722,2003-01-17,Kangaroo Jack,60000000,66723216,90723216,2003,3,6723216,30723216
723,2008-06-13,The Happening,60000000,64506874,162778384,2008,24,4506874,102778384
724,2016-03-04,London Has Fallen,60000000,62524260,195194085,2016,9,2524260,135194085
725,2006-03-10,The Shaggy Dog,60000000,61123569,87123569,2006,10,1123569,27123569
726,2004-04-02,Hellboy,60000000,59623958,99823958,2004,14,-376042,39823958
727,2016-10-21,Jack Reacher: Never Go Back,60000000,58697076,159946489,2016,42,-1302924,99946489
728,2017-05-25,Baywatch,60000000,58060186,175863783,2017,21,-1939814,115863783
729,2015-12-25,Joy,60000000,56451232,101134059,2015,52,-3548768,41134059
730,2012-08-17,ParaNorman,60000000,56003051,108119662,2012,33,-3996949,48119662
731,2003-12-25,Paycheck,60000000,53789313,98819789,2003,52,-6210687,38819789
732,2008-12-19,The Tale of Despereaux,60000000,50877145,90482317,2008,51,-9122855,30482317
733,2014-09-26,The Boxtrolls,60000000,50837305,111946251,2014,39,-9162695,51946251
734,2017-08-04,The Dark Tower,60000000,50701325,113461527,2017,31,-9298675,53461527
735,2002-09-27,The Tuxedo,60000000,50586000,104429625,2002,39,-9414000,44429625
736,2014-01-17,Jack Ryan: Shadow Recruit,60000000,50577412,131377412,2014,3,-9422588,71377412
737,2005-03-24,Miss Congeniality 2: Armed and Fabulous,60000000,48478006,101382396,2005,12,-11521994,41382396
738,2018-12-25,Vice,60000000,47836282,70883171,2018,52,-12163718,10883171
739,2007-03-23,Shooter,60000000,47003582,95538560,2007,12,-12996418,35538560
740,2013-01-11,Gangster Squad,60000000,46000903,104100903,2013,2,-13999097,44100903
741,2017-04-07,Smurfs: The Lost Village,60000000,45020282,197578586,2017,14,-14979718,137578586
742,2018-10-12,First Man,60000000,44936545,105212037,2018,41,-15063455,45212037
743,2009-06-19,Year One,60000000,43337279,57604723,2009,25,-16662721,-2395277
744,2010-01-29,Edge of Darkness,60000000,43313890,82812456,2010,4,-16686110,22812456
745,2002-12-13,Star Trek: Nemesis,60000000,43254409,67312826,2002,50,-16745591,7312826
746,2002-02-19,Reign of Fire,60000000,43061982,82150183,2002,8,-16938018,22150183
747,2009-11-20,Planet 51,60000000,42194060,108996113,2009,47,-17805940,48996113
748,2009-03-20,Duplicity,60000000,40572825,81079566,2009,12,-19427175,21079566
749,2008-09-12,Righteous Kill,60000000,40081410,78481410,2008,37,-19918590,18481410
750,2009-12-11,Invictus,60000000,37491364,124514011,2009,50,-22508636,64514011
751,2009-04-17,State of Play,60000000,37017955,88832210,2009,16,-22982045,28832210
752,2006-04-21,The Sentinel,60000000,36280697,78080697,2006,16,-23719303,18080697
753,2012-09-21,Trouble with the Curve,60000000,35763137,47818913,2012,38,-24236863,-12181087
754,2003-10-10,Intolerable Cruelty,60000000,35327628,121327628,2003,41,-24672372,61327628
755,2019-02-08,Cold Pursuit,60000000,32138862,62599159,2019,6,-27861138,2599159
756,2002-12-06,Analyze That,60000000,32122249,54994757,2002,49,-27877751,-5005243
757,2009-04-24,The Soloist,60000000,31853584,38522450,2009,17,-28146416,-21477550
758,2013-08-21,The Mortal Instruments: City of Bones,60000000,31165421,75965567,2013,34,-28834579,15965567
759,2002-02-22,Dragonfly,60000000,30063805,30063805,2002,8,-29936195,-29936195
760,2011-05-13,Priest,60000000,29136626,84154026,2011,19,-30863374,24154026
761,2006-06-16,Garfield: A Tail of Two Kitties,60000000,28426747,147985373,2006,24,-31573253,87985373
762,2005-04-29,XXX: State of the Union,60000000,26873932,71073932,2005,17,-33126068,11073932
763,2003-07-02,Sinbad: Legend of the Seven Seas,60000000,26483452,80767884,2003,27,-33516548,20767884
764,2005-07-08,Dark Water,60000000,25473093,49473093,2005,27,-34526907,-10526907
765,2006-09-15,The Black Dahlia,60000000,22672813,49238525,2006,37,-37327187,-10761475
766,2008-12-25,The Spirit,60000000,19806188,39006188,2008,52,-40193812,-20993812
767,2001-10-19,The Last Castle,60000000,18208078,20541668,2001,42,-41791922,-39458332
768,2009-01-23,Inkheart,60000000,17303424,66655938,2009,4,-42696576,6655938
769,2006-09-22,Flyboys,60000000,13090630,14816379,2006,38,-46909370,-45183621
770,2014-02-14,Winter's Tale,60000000,12600231,29575033,2014,7,-47399769,-30424967
771,2008-07-11,Meet Dave,60000000,11803254,50648806,2008,28,-48196746,-9351194
772,2005-08-12,The Great Raid,60000000,10166502,10597070,2005,32,-49833498,-49402930
773,2017-02-24,Rock Dog,60000000,9420546,24148488,2017,8,-50579454,-35851512
774,2015-01-23,Mortdecai,60000000,7696134,30396134,2015,4,-52303866,-29603866
775,2008-01-11,In the Name of the King: A Dungeon Siege Tale,60000000,4775656,13233220,2008,2,-55224344,-46766780
776,2003-10-24,Beyond Borders,60000000,4426297,11427090,2003,43,-55573703,-48572910
777,2016-02-05,Xi You Ji zhi Sun Wu Kong San Da Bai Gu Jing,60000000,709982,194058503,2016,5,-59290018,134058503
778,2015-12-11,The Ridiculous 6,60000000,0,0,2015,50,-60000000,-60000000
779,2019-11-08,Midway,59500000,0,0,2019,45,-59500000,-59500000
780,2018-03-23,Sherlock Gnomes,59000000,43242871,87527651,2018,12,-15757129,28527651
781,2019-01-25,The Kid Who Would Be King,59000000,16790790,28296983,2019,4,-42209210,-30703017
782,2016-02-12,Deadpool,58000000,363070709,801025593,2016,6,305070709,743025593
783,2014-12-25,American Sniper,58000000,350126372,547326372,2014,52,292126372,489326372
784,2015-10-16,Goosebumps,58000000,80069458,158905324,2015,42,22069458,100905324
785,2012-01-20,Red Tails,58000000,49876377,50365498,2012,3,-8123623,-7634502
786,2005-09-16,Just Like Heaven,58000000,48318130,100687083,2005,37,-9681870,42687083
787,2013-06-07,The Internship,58000000,44672764,93672764,2013,23,-13327236,35672764
788,2008-04-04,Leatherheads,58000000,31373938,41348628,2008,14,-26626062,-16651372
789,2017-03-24,Life,58000000,30234022,100929666,2017,12,-27765978,42929666
790,2009-12-18,Did You Hear About the Morgans?,58000000,29580087,80480566,2009,51,-28419913,22480566
791,2008-12-12,"Che, Part 1: The Argentine",58000000,1802521,31627370,2008,50,-56197479,-26372630
792,2008-05-30,Sex and the City,57500000,152647258,415247258,2008,22,95147258,357747258
793,2010-09-10,Resident Evil: Afterlife,57500000,60128566,295874190,2010,36,2628566,238374190
794,2012-06-15,That's My Boy,57500000,36931089,58085235,2012,24,-20568911,585235
795,2012-02-17,Ghost Rider: Spirit of Vengeance,57000000,51774002,149217355,2012,7,-5225998,92217355
796,2004-11-12,After the Sunset,57000000,28328132,38329114,2004,46,-28671868,-18670886
797,2001-08-17,Captain Corelli's Mandolin,57000000,25528495,62097495,2001,33,-31471505,5097495
798,2014-12-25,Into the Woods,56200000,128002372,213116401,2014,52,71802372,156916401
799,2003-04-11,Anger Management,56000000,135560942,195660942,2003,15,79560942,139660942
800,2005-03-04,The Pacifier,56000000,113006880,198006880,2005,9,57006880,142006880
801,2004-04-02,Walking Tall,56000000,46213824,47313824,2004,14,-9786176,-8686176
802,2016-01-22,Zhuo yao ji,56000000,32766,359495591,2016,3,-55967234,303495591
803,2007-12-14,Alvin and the Chipmunks,55000000,217326974,362605033,2007,50,162326974,307605033
804,2018-11-02,Bohemian Rhapsody,55000000,216303339,893745898,2018,44,161303339,838745898
805,2005-02-11,Hitch,55000000,177784257,366784257,2005,6,122784257,311784257
806,2006-12-15,The Pursuit of Happyness,55000000,162586036,307311093,2006,50,107586036,252311093
807,2017-02-10,Fifty Shades Darker,55000000,114434010,381398492,2017,6,59434010,326398492
808,2013-10-11,Captain Phillips,55000000,107136417,220648184,2013,41,52136417,165648184
809,2003-08-01,American Wedding,55000000,104354205,126425115,2003,31,49354205,71425115
810,2017-11-10,Murder on the Orient Express,55000000,102826543,345922730,2017,45,47826543,290922730
811,2014-09-26,The Equalizer,55000000,101530738,192903624,2014,39,46530738,137903624
812,2018-02-09,Fifty Shades Freed,55000000,100407760,371350619,2018,6,45407760,316350619
813,2010-04-09,Date Night,55000000,98711404,152269033,2010,14,43711404,97269033
814,2002-12-13,Maid in Manhattan,55000000,93932896,163838217,2002,50,38932896,108838217
815,2005-09-23,Flightplan,55000000,89706988,214392904,2005,38,34706988,159392904
816,2015-01-16,Paddington,55000000,76223578,258789097,2015,3,21223578,203789097
817,2006-04-28,R.V.,55000000,71724497,87473024,2006,17,16724497,32473024
818,2003-10-10,Kill Bill: Volume 1,55000000,70098138,176469428,2003,41,15098138,121469428
819,2011-06-17,Mr. Poppers's Penguins,55000000,68224452,189624452,2011,24,13224452,134624452
820,2004-04-16,Kill Bill: Volume 2,55000000,66207920,153535982,2004,16,11207920,98535982
821,2013-11-01,Free Birds,55000000,55750480,110387072,2013,44,750480,55387072
822,2008-04-18,The Forbidden Kingdom,55000000,52075270,129075270,2008,16,-2924730,74075270
823,2004-12-22,The Phantom of the Opera,55000000,51225796,153770052,2004,52,-3774204,98770052
824,2014-03-21,Muppets Most Wanted,55000000,51178893,79312301,2014,12,-3821107,24312301
825,2016-08-19,Kubo and the Two Strings,55000000,48023088,77548122,2016,33,-6976912,22548122
826,2010-11-24,Burlesque,55000000,39440655,90552675,2010,47,-15559345,35552675
827,2008-10-24,Changeling,55000000,35739802,113805580,2008,43,-19260198,58805580
828,2012-07-27,The Watch,55000000,34353000,67130045,2012,30,-20647000,12130045
829,2003-03-14,The Hunted,55000000,34234008,47213095,2003,11,-20765992,-7786905
830,2003-12-12,Stuck On You,55000000,33832741,63537164,2003,50,-21167259,8537164
831,2008-02-29,Semi-Pro,55000000,33479698,43980363,2008,9,-21520302,-11019637
832,2018-02-23,Annihilation,55000000,32732301,43070915,2018,8,-22267699,-11929085
833,2015-10-16,Crimson Peak,55000000,31090320,74966854,2015,42,-23909680,19966854
834,2012-04-27,The Pirates! Band of Misfits,55000000,31051126,136143605,2012,17,-23948874,81143605
835,2005-12-02,Aeon Flux,55000000,25857987,53913573,2005,48,-29142013,-1086427
836,2007-10-12,Elizabeth: The Golden Age,55000000,16285240,74870866,2007,41,-38714760,19870866
837,2009-06-12,Imagine That,55000000,16222392,22438144,2009,24,-38777608,-32561856
838,2003-02-21,Gods and Generals,55000000,12882934,12923936,2003,8,-42117066,-42076064
839,2013-02-01,Bullet to the Head,55000000,9489829,22597969,2013,5,-45510171,-32402031
840,2006-09-22,All the King's Men,55000000,7221458,9521458,2006,38,-47778542,-45478542
841,2004-07-30,Thunderbirds,55000000,6768055,28231444,2004,31,-48231945,-26768556
842,2004-11-26,Un long dimanche de fianÃ§ailles,55000000,6167817,69759296,2004,48,-48832183,14759296
843,2007-05-04,Lucky You,55000000,5755286,6521829,2007,18,-49244714,-48478171
844,2002-09-20,Eye See You,55000000,79161,1807990,2002,38,-54920839,-53192010
845,2002-03-22,Blade 2,54000000,81676888,154338601,2002,12,27676888,100338601
846,2006-07-14,"You, Me and Dupree",54000000,75802010,130402010,2006,28,21802010,76402010
847,2008-12-19,Seven Pounds,54000000,69951824,166617328,2008,51,15951824,112617328
848,2005-10-14,Elizabethtown,54000000,26850426,50719373,2005,41,-27149574,-3280627
849,2003-08-01,Gigli,54000000,6087542,7126002,2003,31,-47912458,-46873998
850,2005-08-05,The Dukes of Hazzard,53000000,80270227,109848461,2005,31,27270227,56848461
851,2009-10-16,Law Abiding Citizen,53000000,73357727,131159781,2009,42,20357727,78159781
852,2015-09-18,Black Mass,53000000,62575678,98837872,2015,38,9575678,45837872
853,2001-05-18,Moulin Rouge,53000000,57386369,179200588,2001,20,4386369,126200588
854,2001-11-02,Domestic Disturbance,53000000,45207112,54207112,2001,44,-7792888,1207112
855,2006-10-20,Flags of Our Fathers,53000000,33602376,63657941,2006,42,-19397624,10657941
856,2007-04-06,Grindhouse,53000000,25031037,50187789,2007,14,-27968963,-2812211
857,2012-12-19,Zero Dark Thirty,52500000,95720716,134612435,2012,51,43220716,82112435
858,2002-12-25,Catch Me if You Can,52000000,164606800,355612291,2002,52,112606800,303612291
859,2008-07-18,Mamma Mia!,52000000,144130063,615748772,2008,29,92130063,563748772
860,2006-06-02,The Break-Up,52000000,118703275,205727307,2006,22,66703275,153727307
861,2010-02-12,Valentine's Day,52000000,110485654,217569328,2010,6,58485654,165569328
862,2011-08-05,The Change-Up,52000000,37243418,75997067,2011,31,-14756582,23997067
863,2010-02-05,From Paris With Love,52000000,24077427,53139168,2010,5,-27922573,1139168
864,2003-04-16,Bulletproof Monk,52000000,23010607,23010607,2003,16,-28989393,-28989393
865,2006-08-04,Barnyard: The Original Party Animals,51000000,72779000,118583844,2006,31,21779000,67583844
866,2018-08-17,Alpha,51000000,35851379,99624873,2018,33,-15148621,48624873
867,2006-11-22,Deck the Halls,51000000,35093569,46815807,2006,47,-15906431,-4184193
868,2011-03-04,The Adjustment Bureau,50200000,62495645,126931325,2011,9,12295645,76731325
869,2009-11-20,The Twilight Saga: New Moon,50000000,296623634,687557727,2009,47,246623634,637557727
870,2001-05-18,Shrek,50000000,267655011,491812794,2001,20,217655011,441812794
871,2012-06-29,Ted,50000000,218665740,556016627,2012,26,168665740,506016627
872,2014-06-13,22 Jump Street,50000000,191719337,331333876,2014,24,141719337,281333876
873,2015-12-25,Daddy's Home,50000000,150357137,242757137,2015,52,100357137,192757137
874,2016-06-17,Central Intelligence,50000000,127440871,217194805,2016,24,77440871,167194805
875,2013-12-18,Anchorman 2: The Legend Continues,50000000,127352707,172185754,2013,51,77352707,122185754
876,2011-06-10,Super 8,50000000,127004179,257972745,2011,23,77004179,207972745
877,2002-06-28,Mr. Deeds,50000000,126293452,171269535,2002,26,76293452,121269535
878,2018-11-21,Creed II,50000000,115715889,213591522,2018,47,65715889,163591522
879,2018-02-09,Peter Rabbit,50000000,115234093,347132280,2018,6,65234093,297132280
880,2003-02-07,How to Lose a Guy in 10 Days,50000000,105807520,178890782,2003,6,55807520,128890782
881,2018-12-14,The Mule,50000000,103804407,170738684,2018,50,53804407,120738684
882,2008-12-19,Yes Man,50000000,97690976,225990976,2008,51,47690976,175990976
883,2014-02-28,Non-Stop,50000000,91742160,222383055,2014,9,41742160,172383055
884,2013-08-09,Disney Planes,50000000,90282580,238059569,2013,32,40282580,188059569
885,2006-03-10,Failure to Launch,50000000,88715192,128402901,2006,10,38715192,78402901
886,2006-03-24,Inside Man,50000000,88634237,185798265,2006,12,38634237,135798265
887,2017-07-28,The Emoji Movie,50000000,86089513,216564840,2017,30,36089513,166564840
888,2011-07-29,"Crazy, Stupid, Love",50000000,84351197,147142328,2011,30,34351197,97142328
889,2017-12-22,The Post,50000000,81903458,179748880,2017,51,31903458,129748880
890,2009-03-20,Knowing,50000000,79957634,186450317,2009,12,29957634,136450317
891,2005-03-18,The Ring Two,50000000,75941727,161941727,2005,11,25941727,111941727
892,2011-12-23,We Bought a Zoo,50000000,75624550,118729073,2011,51,25624550,68729073
893,2011-09-23,Moneyball,50000000,75605492,111300835,2011,38,25605492,61300835
894,2004-06-11,Garfield: The Movie,50000000,75367693,208094550,2004,24,25367693,158094550
895,2004-11-24,Christmas with the Kranks,50000000,73701902,96469187,2004,48,23701902,46469187
896,2006-03-17,V for Vendetta,50000000,70511035,130214162,2006,11,20511035,80214162
897,2009-03-13,Race to Witch Mountain,50000000,67172595,105103784,2009,11,17172595,55103784
898,2004-09-24,The Forgotten,50000000,66711892,117211892,2004,39,16711892,67211892
899,2005-06-22,Herbie: Fully Loaded,50000000,66010682,144110682,2005,25,16010682,94110682
900,2003-02-07,Shanghai Knights,50000000,60470220,88316835,2003,6,10470220,38316835
901,2014-07-18,Planes: Fire and Rescue,50000000,59157732,156399644,2014,29,9157732,106399644
902,2006-02-10,Curious George,50000000,58640119,71052604,2006,6,8640119,21052604
903,2012-04-06,American Reunion,50000000,56758835,236799211,2012,14,6758835,186799211
904,2013-01-25,Hansel & Gretel: Witch Hunters,50000000,55703475,214949716,2013,4,5703475,164949716
905,2011-02-18,I am Number Four,50000000,55100437,146195159,2011,7,5100437,96195159
906,2001-09-28,Don't Say a Word,50000000,54997476,104488383,2001,39,4997476,54488383
907,2016-01-15,13 Hours: The Secret Soldiers of Benghazi,50000000,52853219,69411370,2016,2,2853219,19411370
908,2002-05-08,Unfaithful,50000000,52752475,119114494,2002,19,2752475,69114494
909,2017-09-29,American Made,50000000,51342000,135569212,2017,39,1342000,85569212
910,2005-11-23,Syriana,50000000,50824620,92690959,2005,47,824620,42690959
911,2004-09-10,Resident Evil: Apocalypse,50000000,50740078,125168734,2004,37,740078,75168734
912,2014-10-17,The Book of Life,50000000,50151543,97651543,2014,42,151543,47651543
913,2006-02-10,Firewall,50000000,48751189,82751189,2006,6,-1248811,32751189
914,2014-08-08,Into the Storm,50000000,47602194,150429371,2014,32,-2397806,100429371
915,2014-10-10,The Judge,50000000,47119388,76119388,2014,41,-2880612,26119388
916,2006-04-21,Silent Hill,50000000,46982632,94704227,2006,16,-3017368,44704227
917,2016-08-19,War Dogs,50000000,43034523,86234503,2016,33,-6965477,36234503
918,2003-10-03,Out of Time,50000000,41083108,55489826,2003,40,-8916892,5489826
919,2004-11-12,Bridget Jones: The Edge Of Reason,50000000,40203020,263894551,2004,46,-9796980,213894551
920,2005-06-10,The Adventures of Sharkboy and Lavagirl in 3-D,50000000,39177684,69425966,2005,23,-10822316,19425966
921,2009-11-25,Ninja Assassin,50000000,38122883,62209892,2009,48,-11877117,12209892
922,2004-05-28,Raising Helen,50000000,37485528,49928680,2004,22,-12514472,-71320
923,2016-05-20,The Nice Guys,50000000,36261763,59596747,2016,20,-13738237,9596747
924,2010-06-04,Marmaduke,50000000,33644788,89895930,2010,22,-16355212,39895930
925,2010-10-15,Hereafter,50000000,32746941,108660270,2010,41,-17253059,58660270
926,2002-04-19,Murder by Numbers,50000000,31874869,56643267,2002,16,-18125131,6643267
927,2016-02-12,Zoolander 2,50000000,28848693,55348693,2016,6,-21151307,5348693
928,2009-01-16,Defiance,50000000,28644813,52987754,2009,3,-21355187,2987754
929,2007-02-09,Hannibal Rising,50000000,27669725,80583311,2007,6,-22330275,30583311
930,2013-03-29,The Host,50000000,26623701,64477051,2013,13,-23376299,14477051
931,2003-03-28,Basic,50000000,26599248,42598498,2003,13,-23400752,-7401502
932,2015-03-13,Run All Night,50000000,26461644,66961644,2015,11,-23538356,16961644
933,2002-08-09,Blood Work,50000000,26199517,26199517,2002,32,-23800483,-23800483
934,2009-02-13,The International,50000000,25450527,53850527,2009,7,-24549473,3850527
935,2004-02-27,Twisted,50000000,25195050,40119848,2004,9,-24804950,-9880152
936,2004-12-10,The Life Aquatic with Steve Zissou,50000000,24006726,34806726,2004,50,-25993274,-15193274
937,2019-04-12,Hellboy,50000000,21903748,40786480,2019,15,-28096252,-9213520
938,2011-04-08,Your Highness,50000000,21596445,26121638,2011,14,-28403555,-23878362
939,2016-09-16,Snowden,50000000,21587519,35380918,2016,37,-28412481,-14619082
940,2011-09-30,Dream House,50000000,21302340,41642166,2011,39,-28697660,-8357834
941,2016-06-24,Free State of Jones,50000000,20810036,23237252,2016,25,-29189964,-26762748
942,2009-09-04,Gamer,50000000,20534907,42002029,2009,36,-29465093,-7997971
943,2005-02-25,Man of the House,50000000,19699706,22099706,2005,8,-30300294,-27900294
944,2003-02-21,The Life of David Gale,50000000,19694635,28920188,2003,8,-30305365,-21079812
945,2013-02-14,Beautiful Creatures,50000000,19452138,60282876,2013,7,-30547862,10282876
946,2005-09-30,Into the Blue,50000000,18782227,41982227,2005,39,-31217773,-8017773
947,2007-09-14,Eastern Promises,50000000,17181265,56077088,2007,37,-32818735,6077088
948,2011-02-25,Drive Angry,50000000,10721033,41042583,2011,8,-39278967,-8957417
949,2005-10-14,Domino,50000000,10169202,23574057,2005,41,-39830798,-26425943
950,2009-02-27,Street Fighter: The Legend of Chun-Li,50000000,8742261,12660287,2009,9,-41257739,-37339713
951,2002-03-29,Death to Smoochy,50000000,8355815,8374062,2002,13,-41644185,-41625938
952,2018-02-16,Early Man,50000000,8267544,45285890,2018,7,-41732456,-4714110
953,2009-11-13,The Boat That Rocked,50000000,8017467,37472651,2009,46,-41982533,-12527349
954,2004-01-30,The Big Bounce,50000000,6471394,6626115,2004,5,-43528606,-43373885
955,2015-04-17,Child 44,50000000,1224330,8004221,2015,16,-48775670,-41995779
956,2009-01-23,Outlander,50000000,166003,1250617,2009,4,-49833997,-48749383
957,2013-03-15,Upside Down,50000000,102118,26387039,2013,11,-49897882,-23612961
958,2015-10-02,Shanghai,50000000,46425,15505922,2015,40,-49953575,-34494078
959,2020-12-31,Hannibal the Conqueror,50000000,0,0,2020,53,-50000000,-50000000
960,2019-11-08,Arctic Dogs,50000000,0,0,2019,45,-50000000,-50000000
961,2019-11-22,The Rhythm Section,50000000,0,0,2019,47,-50000000,-50000000
962,2019-09-20,Ad Astra,49800000,0,0,2019,38,-49800000,-49800000
963,2001-11-02,The One,49000000,43905746,72689126,2001,44,-5094254,23689126
964,2015-03-06,Chappie,49000000,31569268,105002056,2015,10,-17430732,56002056
965,2012-11-16,Anna Karenina,49000000,12816367,71004627,2012,46,-36183633,22004627
966,2002-10-18,The Ring,48000000,129094024,248218486,2002,42,81094024,200218486
967,2002-03-29,Panic Room,48000000,95308367,196308367,2002,13,47308367,148308367
968,2015-01-09,Taken 3,48000000,89256424,327656424,2015,2,41256424,279656424
969,2018-11-16,Instant Family,48000000,67363237,119736188,2018,46,19363237,71736188
970,2010-01-22,Tooth Fairy,48000000,60022256,112610386,2010,3,12022256,64610386
971,2001-08-17,Rat Race,48000000,56607223,86607223,2001,33,8607223,38607223
972,2007-09-07,3:10 to Yuma,48000000,53606916,71171825,2007,36,5606916,23171825
973,2001-08-13,K-PAX,48000000,50315140,50315140,2001,33,2315140,2315140
974,2001-12-25,Kate and Leopold,48000000,47095453,70937778,2001,52,-904547,22937778
975,2008-01-25,Rambo,47500000,42754105,112214531,2008,4,-4745895,64714531
976,2016-07-13,The Infiltrator,47500000,15436808,20718104,2016,28,-32063192,-26781896
977,2016-11-11,Arrival,47000000,100546139,203127894,2016,45,53546139,156127894
978,2009-04-22,Earth,47000000,32011576,116773317,2009,17,-14988424,69773317
979,2001-10-19,Riding in Cars with Boys,47000000,29781453,29781453,2001,42,-17218547,-17218547
980,2007-01-05,Happily N'Ever After,47000000,15849032,37923818,2007,1,-31150968,-9076182
981,2002-11-27,Solaris,47000000,14970038,14970038,2002,48,-32029962,-32029962
982,2010-06-18,Jonah Hex,47000000,10547117,11022696,2010,24,-36452883,-35977304
983,2016-12-23,Silence,46500000,7100177,23726626,2016,51,-39399823,-22773374
984,2013-11-01,Mr. Nobody,46500000,3622,22254,2013,44,-46496378,-46477746
985,2001-07-20,America's Sweethearts,46000000,93607673,160648493,2001,29,47607673,114648493
986,2002-05-24,Insomnia,46000000,67263182,113622499,2002,21,21263182,67622499
987,2013-09-20,Prisoners,46000000,61002302,113402302,2013,38,15002302,67402302
988,2010-12-31,Arthur and the War of Two Worlds,45500000,347136,36180824,2010,52,-45152864,-9319176
989,2012-10-05,Taken 2,45000000,139854287,377807404,2012,40,94854287,332807404
990,2003-10-24,Scary Movie 3,45000000,110000082,155200000,2003,43,65000082,110200000
991,2017-12-22,Pitch Perfect 3,45000000,104897530,185736412,2017,51,59897530,140736412
992,2008-07-11,Journey to the Center of the Earth,45000000,101704370,243180937,2008,28,56704370,198180937
993,2004-08-11,The Princess Diaries 2: Royal Engagement,45000000,95149435,122071435,2004,33,50149435,77071435
994,2007-12-25,The Bucket List,45000000,93466502,174807445,2007,52,48466502,129807445
995,2011-11-23,The Muppets,45000000,88625922,160971922,2011,47,43625922,115971922
996,2005-05-13,Monster-in-Law,45000000,82931301,155931301,2005,19,37931301,110931301
997,2001-10-05,Training Day,45000000,76261036,104505362,2001,40,31261036,59505362
998,2016-10-07,The Girl on the Train,45000000,75395035,174278214,2016,40,30395035,129278214
999,2001-07-04,Scary Movie 2,45000000,71277420,141189101,2001,27,26277420,96189101
1000,2005-01-14,Coach Carter,45000000,67264877,76665507,2005,2,22264877,31665507
1001,2010-03-19,The Bounty Hunter,45000000,67061228,135808837,2010,11,22061228,90808837
1002,2002-04-12,Changing Lanes,45000000,66790248,66790248,2002,15,21790248,21790248
1003,2006-01-20,Underworld: Evolution,45000000,62318875,113417762,2006,3,17318875,68417762
1004,2003-11-07,Love Actually,45000000,59472278,248505300,2003,45,14472278,203505300
1005,2016-12-09,Office Christmas Party,45000000,54767494,91323299,2016,49,9767494,46323299
1006,2005-11-23,"Yours, Mine and Ours",45000000,53359917,72359917,2005,47,8359917,27359917
1007,2005-05-13,Kicking and Screaming,45000000,52842724,55842724,2005,19,7842724,10842724
1008,2005-04-29,The Hitchhiker's Guide to the Galaxy,45000000,51019112,102746214,2005,17,6019112,57746214
1009,2007-09-21,Resident Evil: Extinction,45000000,50648679,149871103,2007,38,5648679,104871103
1010,2004-12-25,Fat Albert,45000000,48114556,48563556,2004,52,3114556,3563556
1011,2012-07-06,Savages,45000000,47323100,82513490,2012,27,2323100,37513490
1012,2014-05-23,Blended,45000000,46290741,127990741,2014,21,1290741,82990741
1013,2017-06-16,All Eyez on Me,45000000,44922302,54876855,2017,24,-77698,9876855
1014,2006-01-13,Last Holiday,45000000,38399961,43343247,2006,2,-6600039,-1656753
1015,2006-03-03,16 Blocks,45000000,36895141,65595141,2006,9,-8104859,20595141
1016,2004-09-10,Cellular,45000000,32003620,61475984,2004,37,-12996380,16475984
1017,2006-07-28,The Ant Bully,45000000,28142535,49610898,2006,30,-16857465,4610898
1018,2003-07-18,Johnny English,45000000,28013509,163126676,2003,29,-16986491,118126676
1019,2009-07-31,Aliens in the Attic,45000000,25200412,59551283,2009,31,-19799588,14551283
1020,2007-09-14,Across the Universe,45000000,24343673,29367143,2007,37,-20656327,-15632857
1021,2008-12-26,Revolutionary Road,45000000,22951340,79604820,2008,52,-22048660,34604820
1022,2008-08-29,Babylon A.D.,45000000,22532572,70216497,2008,35,-22467428,25216497
1023,2019-05-03,UglyDolls,45000000,20150241,24899254,2019,18,-24849759,-20100746
1024,2001-01-19,The Pledge,45000000,19719930,29406132,2001,3,-25280070,-15593868
1025,2005-12-16,The Producers: The Movie Musical,45000000,19398532,32952995,2005,50,-25601468,-12047005
1026,2005-07-01,Rebound,45000000,16809014,17492014,2005,26,-28190986,-27507986
1027,2010-02-19,The Ghost Writer,45000000,15541549,65532491,2010,7,-29458451,20532491
1028,2008-09-05,Bangkok Dangerous,45000000,15298133,46598133,2008,36,-29701867,1598133
1029,2012-09-21,Dredd,45000000,13414714,41467606,2012,38,-31585286,-3532394
1030,2011-10-28,The Rum Diary,45000000,13109815,21544732,2011,43,-31890185,-23455268
1031,2018-12-21,Welcome to Marwen,45000000,10763520,12919471,2018,51,-34236480,-32080529
1032,2011-10-21,Johnny English Reborn,45000000,8406711,164640401,2011,42,-36593289,119640401
1033,2008-09-26,Miracle at St. Anna,45000000,7916887,9676497,2008,39,-37083113,-35323503
1034,2002-04-05,Big Trouble,45000000,7262288,8488871,2002,14,-37737712,-36511129
1035,2006-12-21,Man cheng jin dai huang jin jia,45000000,6566773,76904429,2006,51,-38433227,31904429
1036,2007-11-16,Love in the Time of Cholera,45000000,4617608,31077418,2007,46,-40382392,-13922582
1037,2002-12-25,Pinocchio,45000000,3681811,31681811,2002,52,-41318189,-13318189
1038,2012-12-31,Foodfight!,45000000,0,73706,2012,1,-45000000,-44926294
1039,2012-10-12,Argo,44500000,136025503,227140757,2012,41,91525503,182640757
1040,2010-07-30,Charlie St. Cloud,44000000,31206263,48478084,2010,30,-12793737,4478084
1041,2014-02-06,The Interview,44000000,6105175,12342632,2014,6,-37894825,-31657368
1042,2013-06-28,The Heat,43000000,159581587,229727774,2013,26,116581587,186727774
1043,2005-05-13,Danny the Dog,43000000,24537621,49037621,2005,19,-18462379,6037621
1044,2002-04-12,The Sweetest Thing,43000000,24430272,63078756,2002,15,-18569728,20078756
1045,2018-11-09,The Girl in the Spider's Web,43000000,14828555,34983342,2018,45,-28171445,-8016658
1046,2017-01-06,A Monster Calls,43000000,3740823,46414530,2017,1,-39259177,3414530
1047,2011-01-28,The Mechanic,42500000,29121498,76347393,2011,4,-13378502,33847393
1048,2012-03-16,21 Jump Street,42000000,138447667,202812429,2012,11,96447667,160812429
1049,2004-01-16,Along Came Polly,42000000,88073507,173044410,2004,3,46073507,131044410
1050,2009-07-10,BrÃ¼no,42000000,60054530,138708527,2009,28,18054530,96708527
1051,2017-05-12,Snatched,42000000,45852178,57852177,2017,19,3852178,15852177
1052,2012-10-12,Here Comes the Boom,42000000,45290318,73239258,2012,41,3290318,31239258
1053,2002-04-05,High Crimes,42000000,41543207,63781100,2002,14,-456793,21781100
1054,2011-03-11,Red Riding Hood,42000000,37662162,91678442,2011,10,-4337838,49678442
1055,2002-01-25,The Mothman Prophecies,42000000,35228696,56438555,2002,4,-6771304,14438555
1056,2018-12-25,Holmes & Watson,42000000,30568743,41926605,2018,52,-11431257,-73395
1057,2012-01-27,One for the Money,42000000,26414527,36197221,2012,4,-15585473,-5802779
1058,2001-03-09,15 Minutes,42000000,24375436,56331864,2001,10,-17624564,14331864
1059,2005-09-16,Lord of War,42000000,24149632,60437727,2005,37,-17850368,18437727
1060,2012-01-27,Man on a Ledge,42000000,18620000,49621440,2012,4,-23380000,7621440
1061,2010-12-03,The Warrior's Way,42000000,5666340,8514325,2010,48,-36333660,-33485675
1062,2010-05-28,Micmacs,42000000,1259693,11756922,2010,21,-40740307,-30243078
1063,2006-12-31,Les BronzÃ©s 3: amis pour la vie,42000000,0,83833602,2006,52,-42000000,41833602
1064,2015-12-31,Pourquoi j'ai pas mangÃ© mon pÃ¨re,42000000,0,15451663,2015,53,-42000000,-26548337
1065,2002-11-08,8 Mile,41000000,116724075,245768384,2002,45,75724075,204768384
1066,2019-05-31,Rocketman,41000000,95021675,184445281,2019,22,54021675,143445281
1067,2001-05-11,A Knight's Tale,41000000,56083966,100622586,2001,19,15083966,59622586
1068,2003-08-22,The Medallion,41000000,22108977,22108977,2003,34,-18891023,-18891023
1069,2011-10-14,The Big Year,41000000,7204138,7684524,2011,41,-33795862,-33315476
1070,2005-07-15,Wedding Crashers,40000000,209218368,283218368,2005,28,169218368,243218368
1071,2010-06-11,The Karate Kid,40000000,176591618,351774938,2010,23,136591618,311774938
1072,2019-05-17,John Wick: Chapter 3  -  Parabellum,40000000,169751005,316692837,2019,20,129751005,276692837
1073,2015-02-13,Fifty Shades of Grey,40000000,166167230,570998101,2015,7,126167230,530998101
1074,2009-06-19,The Proposal,40000000,163958031,314709717,2009,25,123958031,274709717
1075,2013-12-13,American Hustle,40000000,150117807,257878294,2013,50,110117807,217878294
1076,2003-12-25,Cheaper by the Dozen,40000000,138614544,190212113,2003,52,98614544,150212113
1077,2014-07-25,Lucy,40000000,126573960,457507776,2014,30,86573960,417507776
1078,2013-12-25,Lone Survivor,40000000,125095601,149804632,2013,52,85095601,109804632
1079,2003-07-25,Spy Kids 3-D: Game Over,40000000,111760631,167851995,2003,30,71760631,127851995
1080,2016-06-10,The Conjuring 2: The Enfield Poltergeist,40000000,102470008,311262102,2016,23,62470008,271262102
1081,2010-10-01,The Social Network,40000000,96962694,224922135,2010,39,56962694,184922135
1082,2009-08-07,Julie & Julia,40000000,94125426,126646119,2009,32,54125426,86646119
1083,2009-02-06,He's Just Not That Into You,40000000,93953653,181053657,2009,6,53953653,141053657
1084,2017-02-10,John Wick: Chapter Two,40000000,92029184,171317271,2017,6,52029184,131317271
1085,2016-01-15,Ride Along 2,40000000,90862685,124827316,2016,2,50862685,84827316
1086,2006-04-14,Scary Movie 4,40000000,90710620,178710620,2006,15,50710620,138710620
1087,2015-03-27,Get Hard,40000000,90411453,106511453,2015,13,50411453,66511453
1088,2016-10-14,The Accountant,40000000,86260045,152962083,2016,41,46260045,112962083
1089,2014-11-14,Dumb and Dumber To,40000000,86208010,156553592,2014,46,46208010,116553592
1090,2014-04-25,The Other Woman,40000000,83911193,195111193,2014,17,43911193,155111193
1091,2006-02-17,Eight Below,40000000,81612565,120455994,2006,7,41612565,80455994
1092,2015-09-25,The Intern,40000000,75764672,197115710,2015,39,35764672,157115710
1093,2004-10-29,Ray,40000000,75305995,124823094,2004,44,35305995,84823094
1094,2005-04-01,Sin City,40000000,74103820,158527918,2005,13,34103820,118527918
1095,2015-10-16,Bridge of Spies,40000000,72313754,162498338,2015,42,32313754,122498338
1096,2008-02-22,Vantage Point,40000000,72266306,150886329,2008,8,32266306,110886329
1097,2009-03-20,"I Love You, Man",40000000,72013010,92302502,2009,12,32013010,52302502
1098,2001-11-09,Shallow Hal,40000000,70836296,70836296,2001,45,30836296,30836296
1099,2006-01-27,Big Momma's House 2,40000000,70165972,137047376,2006,4,30165972,97047376
1100,2018-09-21,The House with a Clock in its Walls,40000000,68549695,126331750,2018,38,28549695,86331750
1101,2016-11-04,Hacksaw Ridge,40000000,67209615,168904682,2016,44,27209615,128904682
1102,2001-03-02,The Mexican,40000000,66808615,145238250,2001,9,26808615,105238250
1103,2009-08-28,The Final Destination,40000000,66477700,187384627,2009,35,26477700,147384627
1104,2009-04-17,17 Again,40000000,64167069,139474906,2009,16,24167069,99474906
1105,2011-02-18,Unknown,40000000,63686397,136123083,2011,7,23686397,96123083
1106,2010-06-04,Get Him to the Greek,40000000,61153526,91455875,2010,22,21153526,51455875
1107,2003-11-21,Gothika,40000000,59588068,141484812,2003,47,19588068,101484812
1108,2001-11-30,Behind Enemy Lines,40000000,58855732,58855732,2001,48,18855732,18855732
1109,2011-03-18,The Lincoln Lawyer,40000000,58009200,87145086,2011,11,18009200,47145086
1110,2004-10-15,Shall We Dance?,40000000,57887882,118097882,2004,42,17887882,78097882
1111,2006-08-25,Invincible,40000000,57806952,58501127,2006,34,17806952,18501127
1112,2013-02-15,Escape From Planet Earth,40000000,57012977,74156610,2013,7,17012977,34156610
1113,2014-11-26,Horrible Bosses 2,40000000,54445357,105945357,2014,48,14445357,65945357
1114,2002-01-25,The Count of Monte Cristo,40000000,54228104,75389090,2002,4,14228104,35389090
1115,2006-10-20,The Prestige,40000000,53089891,104407366,2006,42,13089891,64407366
1116,2006-06-16,The Lake House,40000000,52330111,114830111,2006,24,12330111,74830111
1117,2010-07-09,Predators,40000000,52000688,127234389,2010,27,12000688,87234389
1118,2012-08-15,The Odd Life of Timothy Green,40000000,51853450,55249159,2012,33,11853450,15249159
1119,2006-12-08,Apocalypto,40000000,50866635,121032272,2006,49,10866635,81032272
1120,2007-02-14,Music and Lyrics,40000000,50572589,146196885,2007,7,10572589,106196885
1121,2004-03-12,Secret Window,40000000,47958031,92111551,2004,11,7958031,52111551
1122,2005-08-12,The Skeleton Key,40000000,47907715,92256918,2005,32,7907715,52256918
1123,2014-06-20,Jersey Boys,40000000,47047013,65282732,2014,25,7047013,25282732
1124,2008-05-02,Made of Honor,40000000,46012734,106548738,2008,18,6012734,66548738
1125,2014-05-30,A Million Ways to Die in The West,40000000,42720965,86778557,2014,22,2720965,46778557
1126,2011-08-12,Final Destination 5,40000000,42587643,155011165,2011,32,2587643,115011165
1127,2018-11-16,Widows,40000000,42402632,73866088,2018,46,2402632,33866088
1128,2005-04-08,Fever Pitch,40000000,42071069,50071069,2005,14,2071069,10071069
1129,2007-12-25,Aliens vs. Predator - Requiem,40000000,41797066,128884494,2007,52,1797066,88884494
1130,2007-12-25,The Water Horse: Legend of the Deep,40000000,40412817,103429755,2007,52,412817,63429755
1131,2014-07-18,Sex Tape,40000000,38543473,126069509,2014,29,-1456527,86069509
1132,2011-04-15,Scream 4,40000000,38180928,95989590,2011,15,-1819072,55989590
1133,2011-03-18,Paul,40000000,37412945,101162106,2011,11,-2587055,61162106
1134,2012-12-19,The Guilt Trip,40000000,37134215,41294674,2012,51,-2865785,1294674
1135,2011-08-26,Colombiana,40000000,36665854,72295262,2011,34,-3334146,32295262
1136,2018-01-12,The Commuter,40000000,36343858,101985431,2018,2,-3656142,61985431
1137,2011-04-08,Arthur,40000000,33035397,47787943,2011,14,-6964603,7787943
1138,2008-03-21,Drillbit Taylor,40000000,32862104,49686263,2008,12,-7137896,9686263
1139,2016-12-21,Patriots Day,40000000,31886361,52837989,2016,51,-8113639,12837989
1140,2011-12-25,Extremely Loud and Incredibly Close,40000000,31847881,55247881,2011,51,-8152119,15247881
1141,2008-11-26,Transporter 3,40000000,31715062,107235592,2008,48,-8284938,67235592
1142,2010-11-10,Morning Glory,40000000,31011732,59795070,2010,45,-8988268,19795070
1143,2005-11-09,Get Rich or Die Tryin',40000000,30981850,46666955,2005,45,-9018150,6666955
1144,2019-05-03,Long Shot,40000000,30316271,50862175,2019,18,-9683729,10862175
1145,2013-12-25,Grudge Match,40000000,29807260,69807260,2013,52,-10192740,29807260
1146,2005-11-23,Rent,40000000,29077547,31670620,2005,47,-10922453,-8329380
1147,2017-08-11,The Nut Job 2: Nutty by Nature,40000000,28370522,57438389,2017,32,-11629478,17438389
1148,2001-09-07,The Musketeer,40000000,27053815,27053815,2001,36,-12946185,-12946185
1149,2017-01-27,Resident Evil: The Final Chapter,40000000,26844692,314101190,2017,4,-13155308,274101190
1150,2008-02-29,The Other Boleyn Girl,40000000,26814957,78269970,2008,9,-13185043,38269970
1151,2017-06-30,The House,40000000,25584504,31192425,2017,26,-14415496,-8807575
1152,2001-02-16,Sweet November,40000000,25288103,65754228,2001,7,-14711897,25754228
1153,2007-04-05,The Reaping,40000000,25126214,62226214,2007,14,-14873786,22226214
1154,2011-01-07,Season of the Witch,40000000,24827228,91126600,2011,1,-15172772,51126600
1155,2002-09-06,City by the Sea,40000000,22433915,22433915,2002,36,-17566085,-17566085
1156,2016-08-26,Mechanic: Resurrection,40000000,21218403,109738840,2016,34,-18781597,69738840
1157,2004-01-16,Torque,40000000,21176322,46176322,2004,3,-18823678,6176322
1158,2009-11-13,Fantastic Mr. Fox,40000000,21002919,47083412,2009,46,-18997081,7083412
1159,2012-02-03,Big Miracle,40000000,20157300,25268680,2012,5,-19842700,-14731320
1160,2012-12-21,The Impossible,40000000,19019882,169590606,2012,51,-20980118,129590606
1161,2012-03-09,A Thousand Words,40000000,18450127,20790486,2012,10,-21549873,-19209514
1162,2006-10-20,Marie Antoinette,40000000,15962471,60862471,2006,42,-24037529,20862471
1163,2002-04-26,"Life, or Something Like It",40000000,14448589,14448589,2002,17,-25551411,-25551411
1164,2009-10-23,Amelia,40000000,14279575,19756077,2009,43,-25720425,-20243923
1165,2009-10-23,Cirque du Freak: The Vampire's Assistant,40000000,14046595,39753957,2009,43,-25953405,-246043
1166,2004-05-07,New York Minute,40000000,14018364,21215882,2004,19,-25981636,-18784118
1167,2004-11-05,Alfie,40000000,13395939,35195939,2004,45,-26604061,-4804061
1168,2002-08-30,FearDotCom,40000000,13208023,13208023,2002,35,-26791977,-26791977
1169,2008-11-07,Soul Men,40000000,12082391,12345883,2008,45,-27917609,-27654117
1170,2015-03-20,The Gunman,40000000,10664749,18594227,2015,12,-29335251,-21405773
1171,2009-09-25,Pandorum,40000000,10330853,17033431,2009,39,-29669147,-22966569
1172,2003-09-26,Duplex,40000000,9652000,10070651,2003,39,-30348000,-29929349
1173,2013-08-16,Paranoia,40000000,7388654,16340767,2013,33,-32611346,-23659233
1174,2015-07-10,Baahubali: The Beginning,40000000,6738000,26736665,2015,28,-33262000,-13263335
1175,2018-03-09,The Hurricane Heist,40000000,6115824,30963684,2018,10,-33884176,-9036316
1176,2002-01-04,Impostor,40000000,6114237,7974607,2002,1,-33885763,-32025393
1177,2015-11-25,Victor Frankenstein,40000000,5775076,31124367,2015,48,-34224924,-8875633
1178,2002-11-27,Extreme Ops,40000000,4835968,12624471,2002,48,-35164032,-27375529
1179,2001-04-06,Just Visiting,40000000,4777007,16172200,2001,14,-35222993,-23827800
1180,2014-06-27,Snowpiercer,40000000,4563029,88069880,2014,26,-35436971,48069880
1181,2007-07-20,Sunshine,40000000,3688560,32030610,2007,29,-36311440,-7969390
1182,2016-11-11,Billy Lynn's Long Halftime Walk,40000000,1738477,30230402,2016,45,-38261523,-9769598
1183,2008-12-12,Delgo,40000000,915840,915840,2008,50,-39084160,-39084160
1184,2007-09-07,The Hunting Party,40000000,876671,7729552,2007,36,-39123329,-32270448
1185,2006-10-13,Alex Rider: Operation Stormbreaker,40000000,659210,20722450,2006,41,-39340790,-19277550
1186,2009-11-20,Red Cliff,40000000,627047,119627047,2009,47,-39372953,79627047
1187,2004-09-24,The Last Shot,40000000,463730,463730,2004,39,-39536270,-39536270
1188,2007-03-16,Nomad,40000000,79123,79123,2007,11,-39920877,-39920877
1189,2013-04-16,Un monstre Ã Paris,40000000,0,27000381,2013,16,-40000000,-12999619
1190,2019-06-21,Kursk,40000000,0,5245667,2019,25,-40000000,-34754333
1191,2016-11-11,USS Indianapolis: Men of Courage,40000000,0,1663785,2016,45,-40000000,-38336215
1192,2014-12-31,Dragon Nest Warriors' Dawn,40000000,0,734423,2014,1,-40000000,-39265577
1193,2018-12-31,The Crow,40000000,0,0,2018,1,-40000000,-40000000
1194,2019-09-13,The Goldfinch,40000000,0,0,2019,37,-40000000,-40000000
1195,2019-12-31,Down Under Cover,40000000,0,0,2019,1,-40000000,-40000000
1196,2009-08-14,The Time Traveler's Wife,39000000,63414846,102332135,2009,33,24414846,63332135
1197,2007-02-02,Because I Said So,39000000,42674040,69538833,2007,5,3674040,30538833
1198,2012-10-05,Frankenweenie,39000000,35287788,81150788,2012,40,-3712212,42150788
1199,2005-09-30,Serenity,39000000,25514517,40319440,2005,39,-13485483,1319440
1200,2007-09-07,Shoot 'Em Up,39000000,12796824,26796824,2007,36,-26203176,-12203176
1201,2004-02-20,Against the Ropes,39000000,5881504,6429865,2004,8,-33118496,-32570135
1202,2013-08-23,Yi dai zong shi,38600000,6594959,57987299,2013,34,-32005041,19387299
1203,2001-06-22,The Fast and the Furious,38000000,144512310,206512310,2001,25,106512310,168512310
1204,2002-09-27,Sweet Home Alabama,38000000,127214072,182365114,2002,39,89214072,144365114
1205,2009-07-24,The Ugly Truth,38000000,88915214,205298907,2009,30,50915214,167298907
1206,2002-08-07,Spy Kids 2: The Island of Lost Dreams,38000000,85846296,119721296,2002,32,47846296,81721296
1207,2017-06-02,Captain Underpants: The First Epic Movie,38000000,73921000,126577874,2017,22,35921000,88577874
1208,2015-04-17,Paul Blart: Mall Cop 2,38000000,71091594,107650646,2015,16,33091594,69650646
1209,2016-12-23,Why Him?,38000000,60323786,117425156,2016,51,22323786,79425156
1210,2011-04-22,Water for Elephants,38000000,58709717,116809717,2011,16,20709717,78809717
1211,2010-10-08,Life as We Know It,38000000,53374681,105887837,2010,40,15374681,67887837
1212,2013-09-06,Riddick,38000000,42025135,94763758,2013,36,4025135,56763758
1213,2001-03-23,Heartbreakers,38000000,40334024,57753825,2001,12,2334024,19753825
1214,2002-05-24,Enough,38000000,39177215,50970660,2002,21,1177215,12970660
1215,2016-01-22,The 5th Wave,38000000,34912982,111336398,2016,3,-3087018,73336398
1216,2009-02-06,Push,38000000,31811527,49678401,2009,6,-6188473,11678401
1217,2013-09-20,Rush,38000000,26947624,98230839,2013,38,-11052376,60230839
1218,2001-05-18,Angel Eyes,38000000,24044532,29544532,2001,20,-13955468,-8455468
1219,2001-12-21,Joe Somebody,38000000,22770864,24515990,2001,51,-15229136,-13484010
1220,2017-10-20,Only the Brave,38000000,18340051,24555177,2017,42,-19659949,-13444823
1221,2011-10-14,The Thing,38000000,16999934,27573078,2011,41,-21000066,-10426922
1222,2001-09-07,Rock Star,38000000,16991902,19317765,2001,36,-21008098,-18682235
1223,2008-10-10,City of Ember,38000000,7873007,17831558,2008,41,-30126993,-20168442
1224,2018-09-21,The Sisters Brothers,38000000,3143056,13133073,2018,38,-34856944,-24866927
1225,2001-11-30,Texas Rangers,38000000,623374,623374,2001,48,-37376626,-37376626
1226,2008-08-26,Virgin Territory,38000000,0,5473041,2008,35,-38000000,-32526959
1227,2019-01-11,The Upside,37500000,108235497,119024536,2019,2,70735497,81524536
1228,2012-05-18,What to Expect When You're Expecting,37500000,41152203,88473016,2012,20,3652203,50973016
1229,2012-09-14,The Master,37500000,16247159,50647416,2012,37,-21252841,13147416
1230,2008-10-10,The Express,37500000,9793406,9813309,2008,41,-27706594,-27686691
1231,2008-11-21,Twilight,37000000,192769854,402280159,2008,47,155769854,365280159
1232,2013-08-07,We're the Millers,37000000,150394119,267816276,2013,32,113394119,230816276
1233,2015-11-25,Creed,37000000,109767581,173567581,2015,48,72767581,136567581
1234,2010-09-17,The Town,37000000,92186262,152566881,2010,37,55186262,115566881
1235,2011-09-23,Dolphin Tale,37000000,72286779,96068724,2011,38,35286779,59068724
1236,2018-02-23,Game Night,37000000,69179066,117378084,2018,8,32179066,80378084
1237,2008-09-12,Burn After Reading,37000000,60355347,168167798,2008,37,23355347,131167798
1238,2004-04-23,13 Going On 30,37000000,57139723,97658712,2004,17,20139723,60658712
1239,2008-04-04,Nim's Island,37000000,48006762,101857425,2008,14,11006762,64857425
1240,2016-02-12,How to be Single,37000000,46843513,100003780,2016,6,9843513,63003780
1241,2010-02-26,Cop Out,37000000,44875481,55909910,2010,8,7875481,18909910
1242,2011-01-28,The Rite,37000000,33047633,97143987,2011,4,-3952367,60143987
1243,2008-07-18,Space Chimps,37000000,30105968,67029956,2008,29,-6894032,30029956
1244,2015-05-29,Aloha,37000000,21052030,25387091,2015,22,-15947970,-11612909
1245,2009-12-31,Obitaemyy ostrov,36500000,0,15000000,2009,53,-36500000,-21500000
1246,2018-10-05,A Star is Born,36000000,215288866,433410882,2018,40,179288866,397410882
1247,2011-02-11,Gnomeo and Juliet,36000000,99967670,193737977,2011,6,63967670,157737977
1248,2002-02-15,John Q,36000000,71026631,102226631,2002,7,35026631,66226631
1249,2010-03-26,Hot Tub Time Machine,36000000,50269859,65967750,2010,12,14269859,29967750
1250,2014-09-12,Dolphin Tale 2,36000000,42024533,57824533,2014,37,6024533,21824533
1251,2016-12-16,Collateral Beauty,36000000,31016021,85309093,2016,50,-4983979,49309093
1252,2003-04-04,A Man Apart,36000000,26500000,43797731,2003,14,-9500000,7797731
1253,2016-01-22,Yip Man 3,36000000,2679437,157300954,2016,3,-33320563,121300954
1254,2011-05-06,There Be Dragons,36000000,1069334,4020990,2011,18,-34930666,-31979010
1255,2017-04-14,Queen of the Desert,36000000,0,1578543,2017,15,-36000000,-34421457
1256,2003-03-28,Head of State,35200000,37788228,38283765,2003,13,2588228,3083765
1257,2017-09-08,It,35000000,327481748,697457969,2017,36,292481748,662457969
1258,2009-06-05,The Hangover,35000000,277322503,465764086,2009,23,242322503,430764086
1259,2009-11-20,The Blind Side,35000000,255959475,305705794,2009,47,220959475,270705794
1260,2010-12-22,True Grit,35000000,171243005,252276928,2010,51,136243005,217276928
1261,2013-02-08,Identity Thief,35000000,134506920,175361578,2013,6,99506920,140361578
1262,2006-06-30,The Devil Wears Prada,35000000,124740460,326073155,2006,26,89740460,291073155
1263,2011-07-08,Horrible Bosses,35000000,117538559,212417601,2011,27,82538559,177417601
1264,2001-03-30,Spy Kids,35000000,112692062,197692062,2001,13,77692062,162692062
1265,2015-07-17,Trainwreck,35000000,110212700,141123897,2015,29,75212700,106123897
1266,2013-12-13,Saving Mr. Banks,35000000,83299761,114962525,2013,50,48299761,79962525
1267,2008-03-28,21,35000000,81159365,159846429,2008,13,46159365,124846429
1268,2008-05-09,What Happens in Vegas...,35000000,80277646,218535708,2008,19,45277646,183535708
1269,2009-01-16,Hotel for Dogs,35000000,73178547,122357172,2009,3,38178547,87357172
1270,2005-03-25,Guess Who,35000000,68915888,102115888,2005,12,33915888,67115888
1271,2012-12-21,This is 40,35000000,67544505,90221182,2012,51,32544505,55221182
1272,2005-07-29,Sky High,35000000,63939454,83109359,2005,30,28939454,48109359
1273,2010-04-30,A Nightmare on Elm Street,35000000,63075011,117729621,2010,17,28075011,82729621
1274,2006-04-07,The Benchwarmers,35000000,59843754,65063726,2006,14,24843754,30063726
1275,2010-10-08,Secretariat,35000000,59699513,60376247,2010,40,24699513,25376247
1276,2011-07-22,Friends with Benefits,35000000,55802754,146595891,2011,29,20802754,111595891
1277,2016-05-20,Neighbors 2: Sorority Rising,35000000,55340730,108757621,2016,20,20340730,73757621
1278,2007-03-23,TMNT,35000000,54149098,96096018,2007,12,19149098,61096018
1279,2003-10-24,Radio,35000000,52333738,53293628,2003,43,17333738,18293628
1280,2018-06-29,Sicario: Day of the Soldado,35000000,50065850,75885196,2018,26,15065850,40885196
1281,2009-11-25,Old Dogs,35000000,49492060,95104304,2009,48,14492060,60104304
1282,2015-05-22,Poltergeist,35000000,47425125,95713069,2015,21,12425125,60713069
1283,2018-10-12,Goosebumps 2: Haunted Halloween,35000000,46697321,93291478,2018,41,11697321,58291478
1284,2018-01-19,12 Strong,35000000,45819713,71118378,2018,3,10819713,36118378
1285,2009-01-23,Underworld 3: Rise of the Lycans,35000000,45802315,89102315,2009,4,10802315,54102315
1286,2005-07-29,Must Love Dogs,35000000,43894863,58405313,2005,30,8894863,23405313
1287,2007-07-03,License to Wed,35000000,43799818,70187088,2007,27,8799818,35187088
1288,2008-10-17,Max Payne,35000000,40689393,87775050,2008,42,5689393,52775050
1289,2002-03-15,Resident Evil,35000000,40119709,103787401,2002,11,5119709,68787401
1290,2004-03-26,The Ladykillers,35000000,39692139,77392139,2004,13,4692139,42392139
1291,2011-05-06,Something Borrowed,35000000,39046489,65084116,2011,18,4046489,30084116
1292,2006-12-01,The Nativity Story,35000000,37629831,46309644,2006,48,2629831,11309644
1293,2011-10-28,In Time,35000000,37553932,165103952,2011,43,2553932,130103952
1294,2010-04-23,The Back-up Plan,35000000,37490007,75281179,2010,16,2490007,40281179
1295,2011-11-09,J. Edgar,35000000,37306030,84606030,2011,45,2306030,49606030
1296,2018-08-17,Mile 22,35000000,36108758,66295121,2018,33,1108758,31295121
1297,2015-05-08,Hot Pursuit,35000000,34580201,45671512,2015,19,-419799,10671512
1298,2015-12-25,Concussion,35000000,34531832,50363790,2015,52,-468168,15363790
1299,2017-10-13,The Foreigner,35000000,34393507,140783360,2017,41,-606493,105783360
1300,2004-12-03,Closer,35000000,33987757,116177695,2004,49,-1012243,81177695
1301,2001-11-21,Black Knight,35000000,33422806,33422806,2001,47,-1577194,-1577194
1302,2005-07-22,The Bad News Bears,35000000,32868349,33500620,2005,29,-2131651,-1499380
1303,2002-12-27,The Pianist,35000000,32519322,111854182,2002,52,-2480678,76854182
1304,2005-05-06,House of Wax,35000000,32064800,70064800,2005,18,-2935200,35064800
1305,2001-10-19,From Hell,35000000,31598308,68712365,2001,42,-3401692,33712365
1306,2018-06-01,Adrift,35000000,31445011,57897191,2018,22,-3554989,22897191
1307,2008-08-15,Mirrors,35000000,30691439,77220596,2008,33,-4308561,42220596
1308,2017-01-06,Underworld: Blood Wars,35000000,30353973,81209222,2017,1,-4646027,46209222
1309,2002-02-22,Queen of the Damned,35000000,30307804,30307804,2002,8,-4692196,-4692196
1310,2010-08-20,Nanny McPhee and the Big Bang,35000000,29197642,97799865,2010,33,-5802358,62799865
1311,2008-01-25,Untraceable,35000000,28687835,52649951,2008,4,-6312165,17649951
1312,2011-09-23,Abduction,35000000,28087155,86648359,2011,38,-6912845,51648359
1313,2008-03-28,Superhero Movie,35000000,26638520,73026302,2008,13,-8361480,38026302
1314,2012-10-19,Alex Cross,35000000,25888412,35426759,2012,42,-9111588,426759
1315,2004-03-26,Jersey Girl,35000000,25266129,37066129,2004,13,-9733871,2066129
1316,2016-09-16,Bridget Jones's Baby,35000000,24139805,205822688,2016,37,-10860195,170822688
1317,2001-11-09,Heist,35000000,23483357,28906817,2001,45,-11516643,-6093183
1318,2016-03-04,Whiskey Tango Foxtrot,35000000,23083334,25350747,2016,9,-11916666,-9649253
1319,2004-04-09,Ella Enchanted,35000000,22913677,22913677,2004,15,-12086323,-12086323
1320,2015-08-21,Hitman: Agent 47,35000000,22467450,82182803,2015,34,-12532550,47182803
1321,2017-12-25,Phantom Thread,35000000,21198205,47410406,2017,52,-13801795,12410406
1322,2008-07-25,The X-Files: I Want to Believe,35000000,20982478,68170792,2008,30,-14017522,33170792
1323,2012-08-24,Premium Rush,35000000,20275446,31393201,2012,34,-14724554,-3606799
1324,2013-01-18,Broken City,35000000,19701164,34480045,2013,3,-15298836,-519955
1325,2005-08-19,Valiant,35000000,19478106,64188387,2005,33,-15521894,29188387
1326,2005-02-25,Cursed,35000000,19294901,25114901,2005,8,-15705099,-9885099
1327,2007-12-21,Walk Hard: The Dewey Cox Story,35000000,18317151,20606053,2007,51,-16682849,-14393947
1328,2002-09-20,The Four Feathers,35000000,18306166,29882645,2002,38,-16693834,-5117355
1329,2010-04-30,Furry Vengeance,35000000,17630465,39340177,2010,17,-17369535,4340177
1330,2013-01-25,Parker,35000000,17616641,48543388,2013,4,-17383359,13543388
1331,2004-09-17,Wimbledon,35000000,16862585,41666476,2004,38,-18137415,6666476
1332,2007-11-09,Lions for Lambs,35000000,14998070,63211088,2007,45,-20001930,28211088
1333,2011-05-27,The Tree of Life,35000000,13305665,61721826,2011,21,-21694335,26721826
1334,2001-08-17,American Outlaws,35000000,13264986,13601109,2001,33,-21735014,-21398891
1335,2006-08-11,Zoom,35000000,11989328,12506188,2006,32,-23010672,-22493812
1336,2001-12-25,The Shipping News,35000000,11405825,24405825,2001,52,-23594175,-10594175
1337,2009-12-18,The Young Victoria,35000000,11001272,31878891,2009,51,-23998728,-3121109
1338,2014-03-28,Sabotage,35000000,10508518,18376443,2014,13,-24491482,-16623557
1339,2009-09-11,Whiteout,35000000,10275638,12254746,2009,37,-24724362,-22745254
1340,2015-03-06,Unfinished Business,35000000,10219501,13214051,2015,10,-24780499,-21785949
1341,2015-09-30,The Walk,35000000,10161183,61492104,2015,40,-24838817,26492104
1342,2006-11-22,The Fountain,35000000,10144010,15461638,2006,47,-24855990,-19538362
1343,2013-11-29,Mandela: Long Walk to Freedom,35000000,8323085,29890402,2013,48,-26676915,-5109598
1344,2008-12-05,Punisher: War Zone,35000000,8050977,10157534,2008,49,-26949023,-24842466
1345,2003-09-05,The Order,35000000,7659747,11559747,2003,36,-27340253,-23440253
1346,2006-11-10,A Good Year,35000000,7459300,42064105,2006,45,-27540700,7064105
1347,2016-03-11,The Brothers Grimsby,35000000,6864016,28720470,2016,10,-28135984,-6279530
1348,2017-10-20,The Snowman,35000000,6670765,43226146,2017,42,-28329235,8226146
1349,2002-11-06,Femme Fatale,35000000,6630252,16830252,2002,45,-28369748,-18169748
1350,2003-09-26,Luther,35000000,5781086,32717063,2003,39,-29218914,-2282937
1351,2011-01-28,Biutiful,35000000,5101237,24687524,2011,4,-29898763,-10312476
1352,2016-04-22,A Hologram for the King,35000000,4212494,11846010,2016,16,-30787506,-23153990
1353,2012-09-14,Stolen,35000000,289773,17967746,2012,37,-34710227,-17032254
1354,2011-10-14,Trespass,35000000,16816,786532,2011,41,-34983184,-34213468
1355,2006-09-22,Bandidas,35000000,0,19282590,2006,38,-35000000,-15717410
1356,2015-03-13,The Lovers,35000000,0,53899,2015,11,-35000000,-34946101
1357,2008-12-31,Black Water Transit,35000000,0,0,2008,1,-35000000,-35000000
1358,2011-12-25,The Darkest Hour,34800000,21443494,62831715,2011,51,-13356506,28031715
1359,2017-06-28,Baby Driver,34000000,107825862,228104185,2017,26,73825862,194104185
1360,2014-09-19,The Maze Runner,34000000,102427862,348319861,2014,38,68427862,314319861
1361,2015-04-10,The Longest Ride,34000000,37446117,63802928,2015,15,3446117,29802928
1362,2009-08-14,Gake no ue no Ponyo,34000000,15090399,205312666,2009,33,-18909601,171312666
1363,2018-08-03,The Darkest Minds,34000000,12695691,38361428,2018,31,-21304309,4361428
1364,2014-09-05,Thunder and the House of Magic,34000000,4091,62582520,2014,36,-33995909,28582520
1365,2001-03-16,Exit Wounds,33000000,51758599,79958599,2001,11,18758599,46958599
1366,2016-07-08,Mike and Dave Need Wedding Dates,33000000,46009673,75898100,2016,27,13009673,42898100
1367,2012-07-27,Step Up Revolution,33000000,35074677,165552290,2012,30,2074677,132552290
1368,2006-08-18,Snakes on a Plane,33000000,34020814,62020814,2006,33,1020814,29020814
1369,2004-04-16,The Punisher,33000000,33664370,54533774,2004,16,664370,21533774
1370,2012-04-27,Safe,33000000,17142080,41495213,2012,17,-15857920,8495213
1371,2008-03-14,Doomsday,33000000,11008770,21621188,2008,11,-21991230,-11378812
1372,2006-05-12,Goal! The Dream Begins,33000000,4283255,27610873,2006,19,-28716745,-5389127
1373,2015-07-31,The Young and Prodigious T.S. Spivet,33000000,176847,357687,2015,31,-32823153,-32642313
1374,2015-10-30,Freaks of Nature,33000000,70958,70958,2015,44,-32929042,-32929042
1375,2011-05-13,Bridesmaids,32500000,169211718,289632023,2011,19,136711718,257132023
1376,2008-12-10,The Reader,32500000,34194407,112964875,2008,50,1694407,80464875
1377,2013-04-26,The Big Wedding,32500000,21819348,48425971,2013,17,-10680652,15925971
1378,2012-02-24,Wanderlust,32500000,17288155,24159934,2012,8,-15211845,-8340066
1379,2003-11-07,Elf,32000000,173840591,220678483,2003,45,141840591,188678483
1380,2013-06-12,This is the End,32000000,101470202,126539117,2013,24,69470202,94539117
1381,2002-01-18,Snow Dogs,32000000,81150692,116898028,2002,3,49150692,84898028
1382,2006-06-16,Nacho Libre,32000000,80197993,99296462,2006,24,48197993,67296462
1383,2010-08-27,Takers,32000000,57744720,70587268,2010,34,25744720,38587268
1384,2011-04-01,Source Code,32000000,54712227,140428499,2011,13,22712227,108428499
1385,2018-04-20,I Feel Pretty,32000000,48795601,91553797,2018,16,16795601,59553797
1386,2005-09-02,The Transporter 2,32000000,43095856,88978458,2005,35,11095856,56978458
1387,2011-02-18,"Big Mommas: Like Father, Like Son",32000000,37915414,82332450,2011,7,5915414,50332450
1388,2007-02-23,The Number 23,32000000,35193167,77593167,2007,8,3193167,45593167
1389,2005-10-21,Dreamer: Inspired by a True Story,32000000,33022286,39498360,2005,42,1022286,7498360
1390,2005-09-23,A History of Violence,32000000,31493782,61477797,2005,38,-506218,29477797
1391,2013-03-15,The Incredible Burt Wonderstone,32000000,22537881,27392609,2013,11,-9462119,-4607391
1392,2004-04-30,Laws of Attraction,32000000,17848322,29948322,2004,18,-14151678,-2051678
1393,2018-10-12,Bad Times at the El Royale,32000000,17839115,29199399,2018,41,-14160885,-2800601
1394,2010-09-03,Going the Distance,32000000,17804299,43603990,2010,35,-14195701,11603990
1395,2010-03-19,Repo Men,32000000,13942007,18195238,2010,11,-18057993,-13804762
1396,2007-09-14,Dragon Wars: D-War,32000000,10977721,79915361,2007,37,-21022279,47915361
1397,2006-12-15,The Good German,32000000,1308696,6678033,2006,50,-30691304,-25321967
1398,2004-12-31,George and the Dragon,32000000,0,0,2004,53,-32000000,-32000000
1399,2016-04-15,Criminal,31500000,14708696,38771262,2016,15,-16791304,7271262
1400,2013-04-12,42,31000000,95020213,97470701,2013,15,64020213,66470701
1401,2012-11-02,Flight,31000000,93772375,160558438,2012,44,62772375,129558438
1402,2014-03-07,The Grand Budapest Hotel,31000000,59076019,163981261,2014,10,28076019,132981261
1403,2015-07-29,Vacation,31000000,58884188,102306500,2015,31,27884188,71306500
1404,2019-02-13,Isn't it Romantic,31000000,48791187,48791187,2019,7,17791187,17791187
1405,2001-09-28,Hearts in Atlantis,31000000,24185781,30885781,2001,39,-6814219,-114219
1406,2010-01-22,Extraordinary Measures,31000000,12482741,15826984,2010,3,-18517259,-15173016
1407,2017-08-25,Birth of the Dragon,31000000,6901965,7220490,2017,34,-24098035,-23779510
1408,2018-08-15,Crazy Rich Asians,30000000,174532921,238099711,2018,33,144532921,208099711
1409,2002-12-27,Chicago,30000000,170687518,306770545,2002,52,140687518,276770545
1410,2001-08-10,American Pie 2,30000000,145096820,286500000,2001,32,115096820,256500000
1411,2012-02-10,The Vow,30000000,125014030,197618160,2012,6,95014030,167618160
1412,2013-08-16,Lee Daniels' The Butler,30000000,116632095,177025498,2013,33,86632095,147025498
1413,2009-08-14,District 9,30000000,115646235,212453431,2009,33,85646235,182453431
1414,2004-06-18,Dodgeball: A True Underdog Story,30000000,114326736,167791704,2004,25,84326736,137791704
1415,2001-08-03,The Princess Diaries,30000000,108244774,165334774,2001,31,78244774,135334774
1416,2004-12-15,Million Dollar Baby,30000000,100492203,231928227,2004,51,70492203,201928227
1417,2003-10-08,Mystic River,30000000,90135191,156822020,2003,41,60135191,126822020
1418,2015-12-18,Sisters,30000000,87044645,106030660,2015,51,57044645,76030660
1419,2004-11-19,SpongeBob SquarePants: The Movie,30000000,85416609,142051255,2004,47,55416609,112051255
1420,2009-12-04,Up in the Air,30000000,83823381,166842739,2009,49,53823381,136842739
1421,2004-06-25,The Notebook,30000000,81001787,116025023,2004,26,51001787,86025023
1422,2009-04-10,Hannah Montana the Movie,30000000,79576189,169173206,2009,15,49576189,139173206
1423,2008-01-18,27 Dresses,30000000,76808654,160247805,2008,3,46808654,130247805
1424,2017-08-18,The Hitman's Bodyguard,30000000,75468583,172778667,2017,33,45468583,142778667
1425,2005-08-12,Four Brothers,30000000,74494381,92494381,2005,32,44494381,62494381
1426,2012-09-28,Looper,30000000,66486205,170466405,2012,39,36486205,140466405
1427,2013-02-01,Warm Bodies,30000000,66380662,115121608,2013,5,36380662,85121608
1428,2002-12-13,About Schmidt,30000000,65005217,107054484,2002,50,35005217,77054484
1429,2014-01-17,The Nut Job,30000000,64251538,122529966,2014,3,34251538,92529966
1430,2001-02-16,Down to Earth,30000000,64172251,71172251,2001,7,34172251,41172251
1431,2012-08-08,Hope Springs,30000000,63536011,133085295,2012,32,33536011,103085295
1432,2008-04-18,Forgetting Sarah Marshall,30000000,63172463,105173042,2008,16,33172463,75173042
1433,2004-10-08,Friday Night Lights,30000000,61255921,61950770,2004,41,31255921,31950770
1434,2008-04-25,Baby Mama,30000000,60494212,64170447,2008,17,30494212,34170447
1435,2009-01-09,Bride Wars,30000000,58715510,115150424,2009,2,28715510,85150424
1436,2004-08-20,Without a Paddle,30000000,58156435,65121280,2004,34,28156435,35121280
1437,2011-05-20,Midnight in Paris,30000000,56816662,162502774,2011,20,26816662,132502774
1438,2017-11-22,Darkest Hour,30000000,56443120,150807172,2017,47,26443120,120807172
1439,2005-10-05,Wallace & Gromit: The Curse of the Were-Rabbit,30000000,56068547,197593152,2005,40,26068547,167593152
1440,2007-12-21,P.S. I Love You,30000000,53695808,155769678,2007,51,23695808,125769678
1441,2005-09-23,Corpse Bride,30000000,53359111,114770654,2005,38,23359111,84770654
1442,2018-05-11,Life of the Party,30000000,53059911,65759911,2018,19,23059911,35759911
1443,2010-05-14,Letters to Juliet,30000000,53032453,82148538,2010,19,23032453,52148538
1444,2001-04-06,Blow,30000000,52990775,83282296,2001,14,22990775,53282296
1445,2015-07-24,Southpaw,30000000,52421953,94156456,2015,30,22421953,64156456
1446,2017-07-28,Atomic Blonde,30000000,51573925,98345423,2017,30,21573925,68345423
1447,2002-07-03,Like Mike,30000000,51432423,62432423,2002,27,21432423,32432423
1448,2007-12-07,Atonement,30000000,50980159,129779728,2007,49,20980159,99779728
1449,2005-01-14,Racing Stripes,30000000,49772522,89955540,2005,2,19772522,59955540
1450,2015-09-18,Sicario,30000000,46889293,84393749,2015,38,16889293,54393749
1451,2018-01-19,Den of Thieves,30000000,44947622,80131391,2018,3,14947622,50131391
1452,2012-04-13,The Three Stooges,30000000,44338224,54052249,2012,15,14338224,24052249
1453,2014-10-24,John Wick,30000000,43037835,76206239,2014,43,13037835,46206239
1454,2006-01-13,Glory Road,30000000,42647449,42799060,2006,2,12647449,12799060
1455,2015-04-24,The Age of Adaline,30000000,42629776,68984536,2015,17,12629776,38984536
1456,2010-08-06,Step Up 3D,30000000,42400223,165889117,2010,31,12400223,135889117
1457,2009-05-29,Drag Me To Hell,30000000,42100625,91388487,2009,22,12100625,61388487
1458,2012-04-13,The Cabin in the Woods,30000000,42073277,70689968,2012,15,12073277,40689968
1459,2003-09-19,Secondhand Lions,30000000,42070939,47902566,2003,38,12070939,17902566
1460,2006-11-10,Stranger Than Fiction,30000000,40435190,53572822,2006,45,10435190,23572822
1461,2011-04-08,Hanna,30000000,40259119,65343694,2011,14,10259119,35343694
1462,2002-08-16,Blue Crush,30000000,40118420,51618420,2002,33,10118420,21618420
1463,2007-10-19,30 Days of Night,30000000,39568996,80276156,2007,42,9568996,50276156
1464,2006-09-15,Gridiron Gang,30000000,38432823,41457834,2006,37,8432823,11457834
1465,2008-01-25,Meet the Spartans,30000000,38233676,84646831,2008,4,8233676,54646831
1466,2013-09-13,The Family,30000000,36918811,51078541,2013,37,6918811,21078541
1467,2018-02-09,The 15:17 to Paris,30000000,36276286,56096200,2018,6,6276286,26096200
1468,2011-07-01,Larry Crowne,30000000,35608245,61449135,2011,26,5608245,31449135
1469,2013-10-18,Carrie,30000000,35266619,82409520,2013,42,5266619,52409520
1470,2006-04-07,Take the Lead,30000000,34742066,65390493,2006,14,4742066,35390493
1471,2018-03-02,Death Wish,30000000,34017028,48575965,2018,9,4017028,18575965
1472,2010-11-24,Love and Other Drugs,30000000,32367005,102716321,2010,47,2367005,72716321
1473,2015-06-03,Entourage,30000000,32363404,46438538,2015,23,2363404,16438538
1474,2001-06-01,What's the Worst That Could Happen?,30000000,32267774,38462071,2001,22,2267774,8462071
1475,2013-02-08,Side Effects,30000000,32172757,66742138,2013,6,2172757,36742138
1476,2009-09-09,9,30000000,31749894,48559999,2009,37,1749894,18559999
1477,2014-07-02,Deliver Us from Evil,30000000,30577122,87956618,2014,27,577122,57956618
1478,2014-08-01,Get on Up,30000000,30569935,33339868,2014,31,569935,3339868
1479,2017-12-25,Molly's Game,30000000,28780744,53296424,2017,52,-1219256,23296424
1480,2012-04-27,The Five-Year Engagement,30000000,28700285,61623819,2012,17,-1299715,31623819
1481,2004-04-02,The Prince & Me,30000000,28165882,29356757,2004,14,-1834118,-643243
1482,2011-07-15,Winnie the Pooh,30000000,26692846,50145607,2011,28,-3307154,20145607
1483,2003-06-13,Dumb and Dumberer: When Harry Met Lloyd,30000000,26214846,26214846,2003,24,-3785154,-3785154
1484,2018-09-14,White Boy Rick,30000000,24004833,25947983,2018,37,-5995167,-4052017
1485,2011-02-04,Sanctum,30000000,23209310,108957098,2011,5,-6790690,78957098
1486,2006-07-21,My Super Ex-Girlfriend,30000000,22530295,60772856,2006,29,-7469705,30772856
1487,2017-08-25,Ballerina,30000000,21858070,96892829,2017,34,-8141930,66892829
1488,2004-09-17,Mr. 3000,30000000,21800302,21827296,2004,38,-8199698,-8172704
1489,2019-06-14,Shaft,30000000,21241636,21241636,2019,24,-8758364,-8758364
1490,2010-11-19,The Next Three Days,30000000,21148651,67255916,2010,46,-8851349,37255916
1491,2018-01-12,Proud Mary,30000000,20868638,21709539,2018,2,-9131362,-8290461
1492,2004-08-06,Little Black Book,30000000,20422207,21758371,2004,32,-9577793,-8241629
1493,2005-01-19,Assault On Precinct 13,30000000,20040895,36040895,2005,3,-9959105,6040895
1494,2013-10-04,Runner Runner,30000000,19316646,60512680,2013,40,-10683354,30512680
1495,2017-04-28,Baahubali 2: The Conclusion,30000000,18985794,263502914,2017,17,-11014206,233502914
1496,2006-03-03,Ultraviolet,30000000,18522064,30962112,2006,9,-11477936,962112
1497,2005-10-21,North Country,30000000,18324242,23676771,2005,42,-11675758,-6323229
1498,2011-08-19,Fright Night,30000000,18298649,40520649,2011,33,-11701351,10520649
1499,2017-09-15,mother!,30000000,17800004,42531076,2017,37,-12199996,12531076
1500,2015-10-09,Steve Jobs,30000000,17766658,35579007,2015,41,-12233342,5579007
1501,2002-07-17,Eight Legged Freaks,30000000,17266505,36722311,2002,29,-12733495,6722311
1502,2010-06-04,Splice,30000000,17010170,28542494,2010,22,-12989830,-1457506
1503,2008-04-18,88 Minutes,30000000,16930884,32955399,2008,16,-13069116,2955399
1504,2004-04-09,The Whole Ten Yards,30000000,16323969,26323969,2004,15,-13676031,-3676031
1505,2008-10-24,Pride and Glory,30000000,15740721,43440721,2008,43,-14259279,13440721
1506,2005-08-26,The Cave,30000000,15007991,27147991,2005,34,-14992009,-2852009
1507,2004-04-30,Godsend,30000000,14334645,16910708,2004,18,-15665355,-13089292
1508,2003-06-20,Alex & Emma,30000000,14208384,15358583,2003,25,-15791616,-14641417
1509,2004-09-03,Wicker Park,30000000,13001257,21577076,2004,36,-16998743,-8422924
1510,2005-12-25,The New World,30000000,12712093,26184400,2005,51,-17287907,-3815600
1511,2007-06-29,Evening,30000000,12406646,12885574,2007,26,-17593354,-17114426
1512,2013-01-18,The Last Stand,30000000,12050299,48330757,2013,3,-17949701,18330757
1513,2001-01-12,Antitrust,30000000,10965209,17865209,2001,2,-19034791,-12134791
1514,2013-03-08,Dead Man Down,30000000,10895295,19599974,2013,10,-19104705,-10400026
1515,2011-04-29,Hoodwinked Too: Hood vs. Evil,30000000,10143779,23353111,2011,17,-19856221,-6646889
1516,2009-04-10,Dragonball Evolution,30000000,9362785,58228460,2009,15,-20637215,28228460
1517,2004-09-24,First Daughter,30000000,9055010,10419084,2004,39,-20944990,-19580916
1518,2017-04-14,The Lost City of Z,30000000,8574339,17121823,2017,15,-21425661,-12878177
1519,2005-09-09,An Unfinished Life,30000000,8535575,18535575,2005,36,-21464425,-11464425
1520,2017-02-03,The Space Between Us,30000000,7885294,16481405,2017,5,-22114706,-13518595
1521,2009-12-25,The Imaginarium of Doctor Parnassus,30000000,7689607,64352607,2009,52,-22310393,34352607
1522,2019-06-21,Anna,30000000,7687347,20134199,2019,25,-22312653,-9865801
1523,2011-01-14,Barney's Version,30000000,7502560,8845575,2011,2,-22497440,-21154425
1524,2002-09-20,Trapped,30000000,6916869,6916869,2002,38,-23083131,-23083131
1525,2018-08-31,Kin,30000000,5718096,10132644,2018,35,-24281904,-19867356
1526,2017-09-22,Stronger,30000000,4211129,8786287,2017,38,-25788871,-21213713
1527,2007-09-21,The Assassination of Jesse James by the Coward Robert Ford,30000000,3909149,15313631,2007,38,-26090851,-14686369
1528,2004-12-29,The Merchant of Venice,30000000,3765585,18765585,2004,53,-26234415,-11234415
1529,2003-04-02,The Good Thief,30000000,3517797,6460758,2003,14,-26482203,-23539242
1530,2005-08-17,Supercross,30000000,3102550,3252550,2005,33,-26897450,-26747450
1531,2006-12-29,Miss Potter,30000000,3005605,35891257,2006,52,-26994395,5891257
1532,2006-05-05,Wu ji,30000000,669625,35869934,2006,18,-29330375,5869934
1533,2011-09-23,Machine Gun Preacher,30000000,538690,3721988,2011,38,-29461310,-26278012
1534,2018-02-02,Bilal: A New Breed of Hero,30000000,490973,648599,2018,5,-29509027,-29351401
1535,2007-06-15,DOA: Dead or Alive,30000000,480314,7755686,2007,24,-29519686,-22244314
1536,2010-02-19,Le Petit Nicolas,30000000,201857,52339566,2010,7,-29798143,22339566
1537,2011-10-07,Xinhai geming,30000000,135739,8593154,2011,40,-29864261,-21406846
1538,2008-02-21,Genghis Khan: To the Ends of the Earth and Sea,30000000,3892,4874498,2008,8,-29996108,-25125502
1539,2015-01-30,Wild Card,30000000,3200,4315789,2015,5,-29996800,-25684211
1540,2015-06-05,United Passions,30000000,918,168832,2015,23,-29999082,-29831168
1541,2010-12-31,Konferenz der Tiere,30000000,0,53048539,2010,52,-30000000,23048539
1542,2015-12-01,Grace of Monaco,30000000,0,25199891,2015,49,-30000000,-4800109
1543,2016-03-08,Savva. Serdtse voyna,30000000,0,5015080,2016,10,-30000000,-24984920
1544,2007-12-14,Goodbye Bafana,30000000,0,2717302,2007,50,-30000000,-27282698
1545,2013-12-31,Space Pirate Captain Harlock,30000000,0,310985,2013,1,-30000000,-29689015
1546,2003-12-31,Ripley's Game,30000000,0,0,2003,1,-30000000,-30000000
1547,2017-02-24,Collide,29200000,2280004,5466698,2017,8,-26919996,-23733302
1548,2015-05-15,Pitch Perfect 2,29000000,184296230,287625468,2015,20,155296230,258625468
1549,2005-11-18,Walk the Line,29000000,119519402,187707495,2005,46,90519402,158707495
1550,2018-09-28,Night School,29000000,77339130,103008792,2018,39,48339130,74008792
1551,2016-04-08,The Boss,29000000,63077560,78652207,2016,14,34077560,49652207
1552,2003-09-12,Once Upon a Time in Mexico,29000000,56330657,97413527,2003,37,27330657,68413527
1553,2017-08-18,Logan Lucky,29000000,27778642,44264271,2017,33,-1221358,15264271
1554,2016-08-12,Florence Foster Jenkins,29000000,27383770,56000339,2016,32,-1616230,27000339
1555,2008-12-05,Frost/Nixon,29000000,18622031,28452945,2008,49,-10377969,-547055
1556,2004-11-12,Seed of Chucky,29000000,17016190,24716190,2004,46,-11983810,-4283810
1557,2002-08-23,Serving Sara,29000000,16930185,20146150,2002,34,-12069815,-8853850
1558,2002-12-31,Confessions of a Dangerous Mind,29000000,16007718,33013805,2002,1,-12992282,4013805
1559,2009-08-26,Taking Woodstock,29000000,7460204,10066366,2009,35,-21539796,-18933634
1560,2020-09-30,Unhinged,29000000,0,0,2020,40,-29000000,-29000000
1561,2005-03-04,The Jacket,28500000,6301131,15452978,2005,9,-22198869,-13047022
1562,2015-08-14,Straight Outta Compton,28000000,161197785,202182981,2015,33,133197785,174182981
1563,2017-07-21,Girls Trip,28000000,115108515,140886353,2017,29,87108515,112886353
1564,2001-04-06,Along Came a Spider,28000000,74058698,105159085,2001,14,46058698,77159085
1565,2017-11-01,A Bad Moms Christmas,28000000,72110659,127710550,2017,44,44110659,99710550
1566,2013-02-14,Safe Haven,28000000,71399120,94050951,2013,7,43399120,66050951
1567,2015-12-11,The Big Short,28000000,70259870,133162752,2015,50,42259870,105162752
1568,2008-11-07,Role Models,28000000,67300955,94500826,2008,45,39300955,66500826
1569,2014-10-10,"Alexander and the Terrible, Horrible, No Good, Very Bad Day",28000000,66954149,101379287,2014,41,38954149,73379287
1570,2004-02-06,Miracle,28000000,64378093,64474705,2004,6,36378093,36474705
1571,2013-01-28,Last Vegas,28000000,63914167,112914167,2013,5,35914167,84914167
1572,2001-01-26,The Wedding Planner,28000000,60400856,94728529,2001,4,32400856,66728529
1573,2004-03-19,Dawn of the Dead,28000000,58990765,103452875,2004,12,30990765,75452875
1574,2018-06-15,Tag,28000000,54730625,77026186,2018,24,26730625,49026186
1575,2001-12-14,The Royal Tenenbaums,28000000,52353636,71430876,2001,50,24353636,43430876
1576,2003-04-25,Identity,28000000,52131264,82183683,2003,17,24131264,54183683
1577,2001-10-05,Serendipity,28000000,50255310,77477297,2001,40,22255310,49477297
1578,2010-04-16,Kick-Ass,28000000,48071303,97531134,2010,15,20071303,69531134
1579,2001-09-28,Zoolander,28000000,45172250,60780981,2001,39,17172250,32780981
1580,2007-07-27,No Reservations,28000000,43107979,91943956,2007,30,15107979,63943956
1581,2005-11-11,Pride & Prejudice,28000000,38372662,126549607,2005,45,10372662,98549607
1582,2011-08-12,30 Minutes or Less,28000000,37053924,40966716,2011,32,9053924,12966716
1583,2014-02-21,3 Days to Kill,28000000,30697999,38959900,2014,8,2697999,10959900
1584,2013-08-16,Kick-Ass 2,28000000,28795985,63129909,2013,33,795985,35129909
1585,2007-10-12,We Own the Night,28000000,28563179,55307857,2007,41,563179,27307857
1586,2014-09-19,A Walk Among the Tombstones,28000000,26017685,62108587,2014,38,-1982315,34108587
1587,2010-01-15,The Spy Next Door,28000000,24307106,46752858,2010,2,-3692894,18752858
1588,2014-04-25,Brick Mansions,28000000,20396829,73421224,2014,17,-7603171,45421224
1589,2006-05-12,Just My Luck,28000000,17326650,38159905,2006,19,-10673350,10159905
1590,2015-08-21,American Ultra,28000000,14439985,30295028,2015,34,-13560015,2295028
1591,2003-04-18,Winged Migration,28000000,11689053,39134983,2003,16,-16310947,11134983
1592,2016-02-05,Pride and Prejudice and Zombies,28000000,10907291,16638300,2016,5,-17092709,-11361700
1593,2001-08-24,John Carpenter's Ghosts of Mars,28000000,8434601,8434601,2001,34,-19565399,-19565399
1594,2015-10-30,Our Brand is Crisis,28000000,7002261,8594558,2015,44,-20997739,-19405442
1595,2008-10-03,How to Lose Friends & Alienate People,28000000,2775593,12031443,2008,40,-25224407,-15968557
1596,2007-12-31,Alatriste,28000000,0,22860477,2007,1,-28000000,-5139523
1597,2007-06-01,Knocked Up,27500000,148761765,219265952,2007,22,121261765,191765952
1598,2009-06-26,My Sister's Keeper,27500000,49200230,96673002,2009,26,21700230,69173002
1599,2008-02-08,Welcome Home Roscoe Jenkins,27500000,42436517,43607627,2008,6,14936517,16107627
1600,2012-01-13,Joyful Noise,27500000,30932113,31157914,2012,2,3432113,3657914
1601,2006-12-25,Notes on a Scandal,27500000,17510118,50578411,2006,52,-9989882,23078411
1602,2007-10-19,Rendition,27500000,9736045,26939925,2007,42,-17763955,-560075
1603,2011-10-28,Anonymous,27500000,4463292,15815509,2011,43,-23036708,-11684491
1604,2011-03-18,Limitless,27000000,79249455,155564919,2011,11,52249455,128564919
1605,2002-06-07,The Divine Secrets of the Ya-Ya Sisterhood,27000000,69586544,73826768,2002,23,42586544,46826768
1606,2008-08-06,The Sisterhood of the Traveling Pants 2,27000000,44089964,44270131,2008,32,17089964,17270131
1607,2016-05-13,Money Monster,27000000,41012075,93466095,2016,19,14012075,66466095
1608,2002-05-17,About a Boy,27000000,40803000,130759651,2002,20,13803000,103759651
1609,2011-08-19,Spy Kids: All the Time in the World,27000000,38536376,80681183,2011,33,11536376,53681183
1610,2006-04-07,Lucky Number Slevin,27000000,22495466,55495466,2006,14,-4504534,28495466
1611,2008-09-19,The Duchess,27000000,13848978,45160110,2008,38,-13151022,18160110
1612,2010-10-01,Case 39,27000000,13261851,28773827,2010,39,-13738149,1773827
1613,2005-06-10,The Honeymooners,27000000,12834849,13174426,2005,23,-14165151,-13825574
1614,2004-08-27,Suspect Zero,27000000,8712564,8712564,2004,35,-18287436,-18287436
1615,2007-11-02,Martian Child,27000000,7500310,9352089,2007,44,-19499690,-17647911
1616,2002-10-18,Formula 51,27000000,5204007,5204007,2002,42,-21795993,-21795993
1617,2005-05-13,Mindhunters,27000000,4476235,16566235,2005,19,-22523765,-10433765
1618,2008-10-17,What Just Happened,27000000,1090947,2412123,2008,42,-25909053,-24587877
1619,2003-12-12,The Statement,27000000,765637,1545064,2003,50,-26234363,-25454936
1620,2006-12-31,The Magic Flute,27000000,0,0,2006,52,-27000000,-27000000
1621,2016-11-23,Rules Don't Apply,26700000,3652206,3871448,2016,47,-23047794,-22828552
1622,2009-01-16,Paul Blart: Mall Cop,26000000,146336178,185904750,2009,3,120336178,159904750
1623,2003-08-06,Freaky Friday,26000000,110222438,160822438,2003,32,84222438,134822438
1624,2005-08-19,The 40 Year-old Virgin,26000000,109449237,177344230,2005,33,83449237,151344230
1625,2008-08-06,Pineapple Express,26000000,87341380,102404019,2008,32,61341380,76404019
1626,2003-08-15,Open Range,26000000,58331254,68613992,2003,33,32331254,42613992
1627,2005-08-19,Red Eye,26000000,57891803,96666486,2005,33,31891803,70666486
1628,2011-12-09,New Year's Eve,26000000,54544638,146850273,2011,49,28544638,120850273
1629,2013-04-26,Pain & Gain,26000000,49875291,81275291,2013,17,23875291,55275291
1630,2003-01-31,Final Destination 2,26000000,46896664,90396664,2003,5,20896664,64396664
1631,2004-12-29,In Good Company,26000000,45489752,63489752,2004,53,19489752,37489752
1632,2010-01-22,Legion,26000000,40168080,67647574,2010,3,14168080,41647574
1633,2012-08-29,Lawless,26000000,37397291,54393687,2012,35,11397291,28393687
1634,2002-03-29,Clockstoppers,26000000,36985501,38788828,2002,13,10985501,12788828
1635,2009-12-04,Brothers,26000000,28544157,45043870,2009,49,2544157,19043870
1636,2014-10-17,The Best of Me,26000000,26766213,41059418,2014,42,766213,15059418
1637,2004-03-12,Agent Cody Banks 2: Destination London,26000000,23514247,28703083,2004,11,-2485753,2703083
1638,2001-08-03,Original Sin,26000000,16521410,16521410,2001,31,-9478590,-9478590
1639,2012-04-27,The Raven,26000000,16008272,30601801,2012,17,-9991728,4601801
1640,2004-02-20,Welcome to Mooseport,26000000,14469428,14469428,2004,8,-11530572,-11530572
1641,2015-07-10,Self/Less,26000000,12279691,33667319,2015,28,-13720309,7667319
1642,2001-08-24,The Curse of the Jade Scorpion,26000000,7496522,18496522,2001,34,-18503478,-7503478
1643,2013-10-18,The Fifth Estate,26000000,3254172,6154172,2013,42,-22745828,-19845828
1644,2014-03-21,Blood Ties,26000000,42472,2923959,2014,12,-25957528,-23076041
1645,2015-06-30,Viy,26000000,0,34246770,2015,27,-26000000,8246770
1646,2015-03-17,Accidental Love,26000000,0,135436,2015,12,-26000000,-25864564
1647,2015-04-24,The Face of an Angel,26000000,0,0,2015,17,-26000000,-26000000
1648,2005-08-31,The Constant Gardener,25500000,33579798,86301599,2005,35,8079798,60801599
1649,2008-10-17,W.,25100000,25534493,28575778,2008,42,434493,3475778
1650,2004-02-25,The Passion of the Christ,25000000,370782930,622341924,2004,9,345782930,597341924
1651,2011-08-10,The Help,25000000,169705587,213120004,2011,32,144705587,188120004
1652,2016-12-25,Hidden Figures,25000000,169607287,231771716,2016,51,144607287,206771716
1653,2008-12-12,Gran Torino,25000000,148095302,274543085,2008,50,123095302,249543085
1654,2009-01-30,Taken,25000000,145000989,226941585,2009,5,120000989,201941585
1655,2014-01-17,Ride Along,25000000,134202565,153733800,2014,3,109202565,128733800
1656,2003-07-02,"Legally Blonde 2: Red, White & Blonde",25000000,90639088,125339088,2003,27,65639088,100339088
1657,2004-03-26,Scooby-Doo 2: Monsters Unleashed,25000000,84185387,181185387,2004,13,59185387,156185387
1658,2004-07-09,Anchorman: The Legend of Ron Burgundy,25000000,84136909,89476265,2004,28,59136909,64476265
1659,2003-08-15,Freddy vs. Jason,25000000,82622655,114576403,2003,33,57622655,89576403
1660,2007-02-16,Bridge to Terabithia,25000000,82234139,137984788,2007,7,57234139,112984788
1661,2001-12-21,Jimmy Neutron: Boy Genius,25000000,80936232,102992536,2001,51,55936232,77992536
1662,2008-01-18,Cloverfield,25000000,80048433,171302226,2008,3,55048433,146302226
1663,2010-02-05,Dear John,25000000,80014842,142033509,2010,5,55014842,117033509
1664,2012-12-25,Parental Guidance,25000000,77267296,120832383,2012,52,52267296,95832383
1665,2007-11-09,No Country for Old Men,25000000,74273505,164035753,2007,45,49273505,139035753
1666,2001-04-13,Bridget Jones's Diary,25000000,71500556,281527158,2001,15,46500556,256527158
1667,2011-01-21,No Strings Attached,25000000,70662220,149228078,2011,3,45662220,124228078
1668,2012-01-13,Contraband,25000000,66528000,98406855,2012,2,41528000,73406855
1669,2017-01-27,A Dog's Purpose,25000000,64321890,203671625,2017,4,39321890,178671625
1670,2012-04-20,The Lucky One,25000000,60457138,96633833,2012,16,35457138,71633833
1671,2006-06-06,The Omen,25000000,54607383,119295584,2006,23,29607383,94295584
1672,2006-02-10,Final Destination 3,25000000,54098051,112798051,2006,6,29098051,87798051
1673,2011-04-22,Madea's Big Happy Family,25000000,53345287,54160818,2011,16,28345287,29160818
1674,2013-12-13,Tyler Perry's A Madea Christmas,25000000,52543354,52543354,2013,50,27543354,27543354
1675,2004-11-12,Finding Neverland,25000000,51676606,115036108,2004,46,26676606,90036108
1676,2012-01-27,The Grey,25000000,51580136,81249176,2012,4,26580136,56249176
1677,2005-01-28,Hide and Seek,25000000,51100486,123696741,2005,4,26100486,98696741
1678,2008-08-22,The House Bunny,25000000,48237389,71390601,2008,34,23237389,46390601
1679,2003-03-14,Agent Cody Banks,25000000,47545060,58240458,2003,11,22545060,33240458
1680,2006-01-27,Nanny McPhee,25000000,47279279,128745578,2006,4,22279279,103745578
1681,2014-08-15,The Giver,25000000,45090374,66540205,2014,33,20090374,41540205
1682,2015-11-20,The Night Before,25000000,43035725,52427346,2015,47,18035725,27427346
1683,2002-12-27,The Hours,25000000,41675994,97030468,2002,52,16675994,72030468
1684,2007-12-26,There Will Be Blood,25000000,40222514,77208711,2007,52,15222514,52208711
1685,2002-12-20,The Wild Thornberrys Movie,25000000,40108697,60694737,2002,51,15108697,35694737
1686,2003-06-13,Rugrats Go Wild,25000000,39402572,55443032,2003,24,14402572,30443032
1687,2005-06-01,The Sisterhood of the Traveling Pants,25000000,39053061,41560117,2005,22,14053061,16560117
1688,2002-05-31,Undercover Brother,25000000,38230435,40796145,2002,22,13230435,15796145
1689,2013-12-25,August: Osage County,25000000,37738810,50738810,2013,52,12738810,25738810
1690,2001-07-06,Kiss of the Dragon,25000000,36833473,36833473,2001,27,11833473,11833473
1691,2014-05-16,Million Dollar Arm,25000000,36447959,39217912,2014,20,11447959,14217912
1692,2004-01-01,Beauty Shop,25000000,36351350,38351350,2004,1,11351350,13351350
1693,2003-04-04,What a Girl Wants,25000000,35990505,35990505,2003,14,10990505,10990505
1694,2003-08-29,Jeepers Creepers II,25000000,35623801,119923801,2003,35,10623801,94923801
1695,2018-09-07,Peppermint,25000000,35418723,51800758,2018,36,10418723,26800758
1696,2007-09-21,Good Luck Chuck,25000000,35017297,59183821,2007,38,10017297,34183821
1697,2003-02-28,Cradle 2 the Grave,25000000,34657731,56434942,2003,9,9657731,31434942
1698,2006-03-17,She's the Man,25000000,33889159,55279608,2006,11,8889159,30279608
1699,2014-12-10,The Gambler,25000000,33680992,38718031,2014,50,8680992,13718031
1700,2007-08-24,Mr. Bean's Holiday,25000000,33302167,234981342,2007,34,8302167,209981342
1701,2016-04-29,Mother's Day,25000000,32492859,52367022,2016,17,7492859,27367022
1702,2017-02-17,Fist Fight,25000000,32187017,40286416,2017,7,7187017,15286416
1703,2007-11-21,August Rush,25000000,31664162,65882103,2007,47,6664162,40882103
1704,2004-08-27,Anacondas: The Hunt for the Blood Orchid,25000000,31526393,70326393,2004,35,6526393,45326393
1705,2011-12-09,The Sitter,25000000,30542576,38749404,2011,49,5542576,13749404
1706,2014-04-11,Draft Day,25000000,28842237,29847480,2014,15,3842237,4847480
1707,2017-02-03,Rings,25000000,27793018,82917283,2017,5,2793018,57917283
1708,2009-05-22,Dance Flick,25000000,25794018,32224624,2009,21,794018,7224624
1709,2001-04-20,Crocodile Dundee in Los Angeles,25000000,25590119,39393111,2001,16,590119,14393111
1710,2005-03-18,Ice Princess,25000000,24381334,25732334,2005,11,-618666,732334
1711,2011-08-26,Don't Be Afraid of the Dark,25000000,24046682,39126427,2011,34,-953318,14126427
1712,2010-04-23,The Losers,25000000,23591432,29863840,2010,16,-1408568,4863840
1713,2009-04-24,Fighting,25000000,23091010,32831707,2009,17,-1908990,7831707
1714,2007-08-24,War,25000000,22486409,40686409,2007,34,-2513591,15686409
1715,2005-04-22,A Lot Like Love,25000000,21835784,41921590,2005,16,-3164216,16921590
1716,2011-02-11,The Eagle,25000000,19490041,38993548,2011,6,-5509959,13993548
1717,2015-08-05,Shaun the Sheep,25000000,19375982,101925161,2015,32,-5624018,76925161
1718,2011-09-02,Shark Night 3D,25000000,18877153,18877153,2011,35,-6122847,-6122847
1719,2017-03-24,CHiPS,25000000,18600152,23190292,2017,12,-6399848,-1809708
1720,2002-10-11,Punch-Drunk Love,25000000,17791031,24591031,2002,41,-7208969,-408969
1721,2004-02-20,Eurotrip,25000000,17718223,20718223,2004,8,-7281777,-4281777
1722,2017-12-22,Father Figures,25000000,17501244,21038441,2017,51,-7498756,-3961559
1723,2008-04-04,The Ruins,25000000,17432844,22910563,2008,14,-7567156,-2089437
1724,2013-10-25,The Counselor,25000000,16973715,71009334,2013,43,-8026285,46009334
1725,2006-12-08,Unaccompanied Minors,25000000,16655224,21970831,2006,49,-8344776,-3029169
1726,2018-12-07,Mary Queen of Scots,25000000,16468499,46784211,2018,49,-8531501,21784211
1727,2002-11-15,Half Past Dead,25000000,15567860,19233280,2002,46,-9432140,-5766720
1728,2005-09-30,The Greatest Game Ever Played,25000000,15331289,15468266,2005,39,-9668711,-9531734
1729,2009-11-06,The Box,25000000,15051977,34356760,2009,45,-9948023,9356760
1730,2010-10-08,My Soul to Take,25000000,14744435,16727470,2010,40,-10255565,-8272530
1731,2004-04-09,The Girl Next Door,25000000,14589444,31635150,2004,15,-10410556,6635150
1732,2008-08-15,Fly Me To the Moon,25000000,14543943,43530281,2008,33,-10456057,18530281
1733,2002-09-13,Stealing Harvard,25000000,13973532,13973532,2002,37,-11026468,-11026468
1734,2007-08-03,Hot Rod,25000000,13938332,14334401,2007,31,-11061668,-10665599
1735,2011-09-09,Warrior,25000000,13657115,24215385,2011,36,-11342885,-784615
1736,2017-09-22,Battle of the Sexes,25000000,12638526,18445379,2017,38,-12361474,-6554621
1737,2012-12-21,Cirque du Soleil: Worlds Away,25000000,12512862,28012862,2012,51,-12487138,3012862
1738,2015-11-13,The 33,25000000,12227722,28400715,2015,46,-12772278,3400715
1739,2011-04-15,The Conspirator,25000000,11538204,15907411,2011,15,-13461796,-9092589
1740,2002-07-03,The Powerpuff Girls,25000000,11411644,16425701,2002,27,-13588356,-8574299
1741,2005-06-03,The Lords of Dogtown,25000000,11273517,13424365,2005,22,-13726483,-11575635
1742,2008-03-28,Stop-Loss,25000000,10915744,11229035,2008,13,-14084256,-13770965
1743,2002-10-18,Abandon,25000000,10719367,12219367,2002,42,-14280633,-12780633
1744,2011-09-16,Straw Dogs,25000000,10324441,11253821,2011,37,-14675559,-13746179
1745,2002-08-16,Possession,25000000,10103647,14805812,2002,33,-14896353,-10194188
1746,2019-01-25,Serenity,25000000,8547045,12459828,2019,4,-16452955,-12540172
1747,2009-11-25,The Road,25000000,8114270,29206732,2009,48,-16885730,4206732
1748,2018-10-12,Beautiful Boy,25000000,7634767,13223014,2018,41,-17365233,-11776986
1749,2007-04-06,The Hoax,25000000,7164995,7164995,2007,14,-17835005,-17835005
1750,2019-03-15,Captive State,25000000,5958315,9142523,2019,11,-19041685,-15857477
1751,2005-09-02,Underclassman,25000000,5654777,5654777,2005,35,-19345223,-19345223
1752,2001-03-23,Say It Isn't So,25000000,5516708,5516708,2001,12,-19483292,-19483292
1753,2005-12-07,The World's Fastest Indian,25000000,5128124,18991288,2005,49,-19871876,-6008712
1754,2008-04-25,Deception,25000000,4598506,12850033,2008,17,-20401494,-12149967
1755,2005-04-22,King's Ransom,25000000,4008527,4049527,2005,16,-20991473,-20950473
1756,2008-10-03,Blindness,25000000,3073392,20052958,2008,40,-21926608,-4947042
1757,2018-04-13,Sgt. Stubby: An American Hero,25000000,3054285,3823620,2018,15,-21945715,-21176380
1758,2011-12-16,Carnage,25000000,2546747,38112154,2011,50,-22453253,13112154
1759,2017-09-01,Tulip Fever,25000000,2455635,6792768,2017,35,-22544365,-18207232
1760,2006-01-06,BloodRayne,25000000,2405420,3711633,2006,1,-22594580,-21288367
1761,2015-11-20,Legend,25000000,1872994,42425450,2015,47,-23127006,17425450
1762,2009-11-20,Bad Lieutenant: Port of Call New Orleans,25000000,1702112,12413949,2009,47,-23297888,-12586051
1763,2016-01-29,Jane Got a Gun,25000000,1513793,3771345,2016,4,-23486207,-21228655
1764,2009-11-25,Me and Orson Welles,25000000,1190003,1190003,2009,48,-23809997,-23809997
1765,2005-09-16,Venom,25000000,881745,881745,2005,37,-24118255,-24118255
1766,2005-10-14,Where the Truth Lies,25000000,872142,1415656,2005,41,-24127858,-23584344
1767,2013-03-22,On the Road,25000000,720828,9313302,2013,12,-24279172,-15686698
1768,2012-08-24,Les petits mouchoirs,25000000,205505,48530887,2012,34,-24794495,23530887
1769,2010-06-30,Love Ranch,25000000,137885,146149,2010,26,-24862115,-24853851
1770,2015-04-24,Yi ge ren de wu lin,25000000,129115,129115,2015,17,-24870885,-24870885
1771,2010-12-31,Sammy's avonturen: De geheime doorgang,25000000,0,71594792,2010,52,-25000000,46594792
1772,2010-12-31,Belka i Strelka. Zvezdnye sobaki,25000000,0,9445081,2010,52,-25000000,-15554919
1773,2017-12-31,Matilda,25000000,0,9370285,2017,52,-25000000,-15629715
1774,2011-10-04,La vÃ©ritable histoire du Chat BottÃ©,25000000,0,8208594,2011,40,-25000000,-16791406
1775,2019-05-10,The Professor and the Madman,25000000,0,5443448,2019,19,-25000000,-19556552
1776,2011-07-08,Ironclad,25000000,0,5297411,2011,27,-25000000,-19702589
1777,2015-03-10,Red Sky,25000000,0,91116,2015,11,-25000000,-24908884
1778,2014-01-10,The Adventurer: The Curse of the Midas Box,25000000,0,0,2014,2,-25000000,-25000000
1779,2019-12-31,Reagan,25000000,0,0,2019,1,-25000000,-25000000
1780,2012-11-09,Dangerous Liaisons,24200000,17000,10447579,2012,45,-24183000,-13752421
1781,2003-02-21,Old School,24000000,75155000,86765463,2003,8,51155000,62765463
1782,2006-12-20,Rocky Balboa,24000000,70269899,156229050,2006,51,46269899,132229050
1783,2014-06-20,Think Like a Man Too,24000000,65028687,70027933,2014,25,41028687,46027933
1784,2016-12-16,Fences,24000000,57682904,64282881,2016,50,33682904,40282881
1785,2011-10-14,Footloose,24000000,51802742,62989834,2011,41,27802742,38989834
1786,2017-04-07,Going in Style,24000000,45018541,78672579,2017,14,21018541,54672579
1787,2007-11-21,Hitman,24000000,39687694,99135571,2007,47,15687694,75135571
1788,2009-11-06,The Men Who Stare at Goats,24000000,32428195,67348218,2009,45,8428195,43348218
1789,2008-10-31,Zack and Miri Make a Porno,24000000,31457946,36856306,2008,44,7457946,12856306
1790,2001-01-12,Double Take,24000000,29823162,29823162,2001,2,5823162,5823162
1791,2010-08-20,Piranha 3D,24000000,25003155,83660160,2010,33,1003155,59660160
1792,2010-11-24,Faster,24000000,23240020,35792945,2010,47,-759980,11792945
1793,2004-01-23,Win a Date with Tad Hamilton!,24000000,16980098,16980098,2004,4,-7019902,-7019902
1794,2011-09-16,I Don't Know How She Does It,24000000,9659074,24474463,2011,37,-14340926,474463
1795,2013-12-20,Dhoom 3,24000000,8031955,11723620,2013,51,-15968045,-12276380
1796,2004-12-17,Beyond the Sea,24000000,6144806,8292914,2004,51,-17855194,-15707086
1797,2005-06-10,Hauru no ugoku shiro,24000000,4710455,237814327,2005,23,-19289545,213814327
1798,2005-06-10,The Bridge of San Luis Rey,24000000,49981,1696765,2005,23,-23950019,-22303235
1799,2007-12-31,Flood,24000000,0,4084232,2007,1,-24000000,-19915768
1800,2009-10-02,Zombieland,23600000,75590286,102236596,2009,40,51990286,78636596
1801,2018-11-16,Green Book,23000000,85080171,322983680,2018,46,62080171,299983680
1802,2015-01-16,The Wedding Ringer,23000000,64460211,80171596,2015,3,41460211,57171596
1803,2011-10-07,The Ides of March,23000000,40962534,77735925,2011,40,17962534,54735925
1804,2018-10-05,The Hate U Give,23000000,29719483,35067665,2018,40,6719483,12067665
1805,2001-03-30,Someone Like You,23000000,27338033,38684906,2001,13,4338033,15684906
1806,2014-01-10,Her,23000000,25568251,48163815,2014,2,2568251,25163815
1807,2001-10-05,Joy Ride,23000000,21973182,21973182,2001,40,-1026818,-1026818
1808,2012-02-17,Kari gurashi no Arietti,23000000,19192510,151496097,2012,7,-3807490,128496097
1809,2012-01-20,Haywire,23000000,18942396,36374700,2012,3,-4057604,13374700
1810,2004-09-01,Vanity Fair,23000000,16123851,19123851,2004,36,-6876149,-3876149
1811,2016-02-26,Eddie the Eagle,23000000,15789389,45060480,2016,8,-7210611,22060480
1812,2004-01-09,Chasing Liberty,23000000,12189514,12291975,2004,2,-10810486,-10708025
1813,2008-08-22,The Longshots,23000000,11511323,11778396,2008,34,-11488677,-11221604
1814,2007-09-14,In the Valley of Elah,23000000,6777741,24489150,2007,37,-16222259,1489150
1815,2009-09-25,Coco avant Chanel,23000000,6113834,50813834,2009,39,-16886166,27813834
1816,2009-06-26,ChÃ©ri,23000000,2715657,2715657,2009,26,-20284343,-20284343
1817,2013-06-28,Redemption,23000000,36686,13593473,2013,26,-22963314,-9406527
1818,2008-04-25,Rogue,23000000,10452,4673377,2008,17,-22989548,-18326623
1819,2017-05-05,ChÄi dÃ n zhuÄnjiÄ,23000000,0,58807172,2017,18,-23000000,35807172
1820,2011-03-15,Shi Yue Wei Cheng,23000000,0,44195779,2011,11,-23000000,21195779
1821,2007-06-22,1408,22500000,71985628,131263370,2007,25,49485628,108763370
1822,2016-11-18,Nocturnal Animals,22500000,10663357,32398681,2016,46,-11836643,9898681
1823,2015-04-24,The Water Diviner,22500000,4200117,31054727,2015,17,-18299883,8554727
1824,2007-09-28,The Game Plan,22000000,90648202,146590987,2007,39,68648202,124590987
1825,2002-03-29,The Rookie,22000000,75600072,80491516,2002,13,53600072,58491516
1826,2014-02-28,Son of God,22000000,59700064,70949793,2014,9,37700064,48949793
1827,2001-06-01,The Animal,22000000,55762229,55762229,2001,22,33762229,33762229
1828,2014-08-08,The Hundred-Foot Journey,22000000,54235441,94270488,2014,32,32235441,72270488
1829,2003-09-19,Underworld,22000000,51970690,95708457,2003,38,29970690,73708457
1830,2012-08-03,Diary of a Wimpy Kid: Dog Days,22000000,49008662,77229695,2012,31,27008662,55229695
1831,2001-12-28,I Am Sam,22000000,40270895,92542418,2001,52,18270895,70542418
1832,2005-11-11,Derailed,22000000,36020063,57520063,2005,45,14020063,35520063
1833,2009-09-18,The Informant!,22000000,33316821,41771168,2009,38,11316821,19771168
1834,2013-11-22,Delivery Man,22000000,30659817,70536870,2013,47,8659817,48536870
1835,2016-02-05,"Hail, Caesar!",22000000,30080225,64160680,2016,5,8080225,42160680
1836,2001-08-24,Jay and Silent Bob Strike Back,22000000,30059386,33762400,2001,34,8059386,11762400
1837,2008-08-27,Traitor,22000000,23530831,27882226,2008,35,1530831,5882226
1838,2005-08-12,Deuce Bigalow: European Gigolo,22000000,22400154,45273464,2005,32,400154,23273464
1839,2017-05-19,Diary of a Wimpy Kid: The Long Haul,22000000,20738724,35609577,2017,20,-1261276,13609577
1840,2008-01-18,Mad Money,22000000,20668843,25044057,2008,3,-1331157,3044057
1841,2013-11-27,Homefront,22000000,20158492,51695362,2013,48,-1841508,29695362
1842,2008-09-19,Igor,22000000,19528602,31013349,2008,38,-2471398,9013349
1843,2001-02-09,Saving Silverman,22000000,19351569,25873142,2001,6,-2648431,3873142
1844,2001-09-14,The Glass House,22000000,17951431,22861785,2001,37,-4048569,861785
1845,2015-09-04,The Transporter Refueled,22000000,16029670,69698495,2015,36,-5970330,47698495
1846,2001-04-11,Josie and the Pussycats,22000000,14252830,14252830,2001,15,-7747170,-7747170
1847,2012-08-22,Hit & Run,22000000,13749300,17216955,2012,34,-8250700,-4783045
1848,2004-10-01,I Heart Huckabees,22000000,12784713,20034713,2004,40,-9215287,-1965287
1849,2017-11-17,"Roman J. Israel, Esq.",22000000,11962712,12967012,2017,46,-10037288,-9032988
1850,2013-12-04,Out of the Furnace,22000000,11330849,15434375,2013,49,-10669151,-6565625
1851,2017-12-08,Just Getting Started,22000000,6069605,6756412,2017,49,-15930395,-15243588
1852,2001-09-21,Megiddo: Omega Code 2,22000000,6047691,6047691,2001,38,-15952309,-15952309
1853,2005-11-23,The Libertine,22000000,4835065,9448623,2005,47,-17164935,-12551377
1854,2007-04-06,Zwartboek,22000000,4398532,27238354,2007,14,-17601468,5238354
1855,2014-10-31,Before I Go to Sleep,22000000,3242457,19563579,2014,44,-18757543,-2436421
1856,2010-10-08,Stone,22000000,1810078,4065020,2010,40,-20189922,-17934980
1857,2006-03-03,Joyeux NoÃ«l,22000000,1054361,23134075,2006,9,-20945639,1134075
1858,2013-12-31,Metegol,22000000,0,34061097,2013,1,-22000000,12061097
1859,2007-07-27,MoliÃ¨re,21600000,635733,791154,2007,30,-20964267,-20808846
1860,2007-10-05,Michael Clayton,21500000,49033882,92987651,2007,40,27533882,71487651
1861,2012-06-22,To Rome with Love,21500000,16684352,74326015,2012,25,-4815648,52826015
1862,2012-11-16,Silver Linings Playbook,21000000,132092958,236412453,2012,46,111092958,215412453
1863,2018-04-06,Blockers,21000000,60311495,94045328,2018,14,39311495,73045328
1864,2019-04-05,Pet Sematary,21000000,54724696,109501146,2019,14,33724696,88501146
1865,2010-04-16,Death at a Funeral,21000000,42739347,48977233,2010,15,21739347,27977233
1866,2001-09-14,Hardball,21000000,40222729,43728560,2001,37,19222729,22728560
1867,2010-11-05,For Colored Girls,21000000,37729698,38017873,2010,44,16729698,17017873
1868,2007-01-05,Freedom Writers,21000000,36605602,43632609,2007,1,15605602,22632609
1869,2017-08-04,Kidnap,21000000,30718107,34836080,2017,31,9718107,13836080
1870,2002-10-11,The Transporter,21000000,25296447,43928932,2002,41,4296447,22928932
1871,2008-03-14,Never Back Down,21000000,24850922,39319801,2008,11,3850922,18319801
1872,2011-12-09,Tinker Tailor Soldier Spy,21000000,24149393,81452811,2011,49,3149393,60452811
1873,2017-09-22,Victoria and Abdul,21000000,22245070,68271146,2017,38,1245070,47271146
1874,2008-08-01,Swing Vote,21000000,16289867,17589867,2008,31,-4710133,-3410133
1875,2009-06-05,Away We Go,21000000,9451946,10108016,2009,23,-11548054,-10891984
1876,2002-09-27,Moonlight Mile,21000000,6830957,6830957,2002,39,-14169043,-14169043
1877,2011-05-06,The Beaver,21000000,970816,5046038,2011,18,-20029184,-15953962
1878,2017-02-24,Bitter Harvest,21000000,557241,606162,2017,8,-20442759,-20393838
1879,2019-02-01,Velvet Buzzsaw,21000000,0,0,2019,5,-21000000,-21000000
1880,2006-08-11,Pulse,20500000,20264436,30241435,2006,32,-235564,9741435
1881,2019-03-22,Us,20000000,175006930,254237294,2019,12,155006930,234237294
1882,2016-12-09,La La Land,20000000,151101803,426351163,2016,49,131101803,406351163
1883,2013-07-19,The Conjuring,20000000,137400141,318000141,2013,29,117400141,298000141
1884,2003-03-07,Bringing Down the House,20000000,132675402,164675402,2003,10,112675402,144675402
1885,2017-11-17,Wonder,20000000,132422809,304604712,2017,46,112422809,284604712
1886,2010-10-15,Jackass 3D,20000000,117229692,171685793,2010,41,97229692,151685793
1887,2016-07-29,Bad Moms,20000000,113257297,180998716,2016,30,93257297,160998716
1888,2019-01-18,Glass,20000000,111035005,245303505,2019,3,91035005,225303505
1889,2008-10-03,Beverly Hills Chihuahua,20000000,94514402,154218168,2008,40,74514402,134218168
1890,2014-07-02,Tammy,20000000,84525432,96407655,2014,27,64525432,76407655
1891,2005-01-21,Are We There Yet?,20000000,82674398,98114471,2005,3,62674398,78114471
1892,2011-11-16,The Descendants,20000000,82624961,175507800,2011,46,62624961,155507800
1893,2003-10-03,School of Rock,20000000,81261177,131944672,2003,40,61261177,111944672
1894,2007-04-13,Disturbia,20000000,80818974,118537627,2007,15,60818974,98537627
1895,2016-10-21,Tyler Perry's Boo! A Madea Halloween,20000000,73206343,73206343,2016,42,53206343,53206343
1896,2004-06-23,White Chicks,20000000,69148997,111448997,2004,26,49148997,91448997
1897,2009-04-24,Obsessed,20000000,68261644,73964713,2009,17,48261644,53964713
1898,2003-04-18,Holes,20000000,67383924,71232214,2003,16,47383924,51232214
1899,2012-06-29,Tyler Perry's Madea's Witness Protection,20000000,65653242,66950887,2012,26,45653242,46950887
1900,2010-03-31,The Last Song,20000000,62950384,92678948,2010,13,42950384,72678948
1901,2010-04-02,Why Did I Get Married Too?,20000000,60095852,60831067,2010,13,40095852,40831067
1902,2013-10-18,12 Years a Slave,20000000,56671993,181025343,2013,42,36671993,161025343
1903,2002-12-13,Drumline,20000000,56398162,56398162,2002,50,36398162,36398162
1904,2016-06-03,Me Before You,20000000,56245075,208265198,2016,22,36245075,188265198
1905,2019-02-08,What Men Want,20000000,54611903,69911903,2019,6,34611903,49911903
1906,2016-04-15,Barbershop: The Next Cut,20000000,54030051,54404202,2016,15,34030051,34404202
1907,2018-09-14,A Simple Favor,20000000,53548586,97628717,2018,37,33548586,77628717
1908,2015-01-09,Selma,20000000,52076908,66776576,2015,2,32076908,46776576
1909,2006-02-17,Date Movie,20000000,48548426,85146165,2006,7,28548426,65146165
1910,2002-02-15,Peter Pan: Return to Neverland,20000000,48430258,109862682,2002,7,28430258,89862682
1911,2003-02-14,The Jungle Book 2,20000000,47901582,140122225,2003,7,27901582,120122225
1912,2007-03-16,Premonition,20000000,47852604,81461343,2007,11,27852604,61461343
1913,2017-10-20,Tyler Perry's Boo 2! A Madea Halloween,20000000,47319572,47879572,2017,42,27319572,27879572
1914,2005-02-04,Boogeyman,20000000,46752382,67192859,2005,5,26752382,47192859
1915,2015-11-06,Spotlight,20000000,45055776,92088460,2015,45,25055776,72088460
1916,2018-03-30,Acrimony,20000000,43549096,46627836,2018,13,23549096,26627836
1917,2015-06-26,Max,20000000,42656255,43658157,2015,26,22656255,23658157
1918,2008-03-21,Meet the Browns,20000000,41975388,41975388,2008,12,21975388,21975388
1919,2009-07-24,Orphan,20000000,41596251,78769428,2009,30,21596251,58769428
1920,2017-11-17,The Star,20000000,40847995,62758010,2017,46,20847995,42758010
1921,2007-01-26,Epic Movie,20000000,39739367,86858578,2007,4,19739367,66858578
1922,2008-09-19,Lakeview Terrace,20000000,39263506,44821299,2008,38,19263506,24821299
1923,2006-10-13,The Grudge 2,20000000,39143839,70743839,2006,41,19143839,50743839
1924,2016-07-27,Nerve,20000000,38583626,70652284,2016,30,18583626,50652284
1925,2006-10-13,Man of the Year,20000000,37442180,41342180,2006,41,17442180,21342180
1926,2016-02-19,Risen,20000000,36880033,46255763,2016,7,16880033,26255763
1927,2010-08-18,Vampires Suck,20000000,36661504,81424988,2010,33,16661504,61424988
1928,2010-09-01,The American,20000000,35606376,67950723,2010,35,15606376,47950723
1929,2011-11-04,A Very Harold & Kumar 3D Christmas,20000000,35061031,36265745,2011,44,15061031,16265745
1930,2004-03-19,Eternal Sunshine of the Spotless Mind,20000000,34366518,72570762,2004,12,14366518,52570762
1931,2013-01-04,Texas Chainsaw 3D,20000000,34341945,47666013,2013,1,14341945,27666013
1932,2006-10-27,Babel,20000000,34302837,132121212,2006,43,14302837,112121212
1933,2014-09-19,This is Where I Leave You,20000000,34296320,41296320,2014,38,14296320,21296320
1934,2008-12-12,Doubt,20000000,33446470,53191101,2008,50,13446470,33191101
1935,2004-10-15,Team America: World Police,20000000,32774834,50948811,2004,42,12774834,30948811
1936,2013-04-12,Scary Movie V,20000000,32015787,78613981,2013,15,12015787,58613981
1937,2010-03-12,She's Out of My League,20000000,32010860,48680977,2010,10,12010860,28680977
1938,2008-11-26,Milk,20000000,31841299,57293371,2008,48,11841299,37293371
1939,2011-08-31,The Debt,20000000,31177548,46604054,2011,35,11177548,26604054
1940,2002-10-25,Ghost Ship,20000000,30113491,68349884,2002,43,10113491,48349884
1941,2010-01-08,Daybreakers,20000000,30101577,51445503,2010,1,10101577,31445503
1942,2008-03-07,The Bank Job,20000000,30060660,66143005,2008,10,10060660,46143005
1943,2009-10-16,The Stepfather,20000000,29062561,29227561,2009,42,9062561,9227561
1944,2006-04-28,Stick It,20000000,26910736,30399714,2006,17,6910736,10399714
1945,2008-01-04,One Missed Call,20000000,26890041,44513466,2008,1,6890041,24513466
1946,2008-04-11,Street Kings,20000000,26418667,65457811,2008,15,6418667,45457811
1947,2013-08-23,The World's End,20000000,26004851,47508505,2013,34,6004851,27508505
1948,2010-09-24,You Again,20000000,25702053,32838945,2010,38,5702053,12838945
1949,2007-06-15,Nancy Drew,20000000,25584685,30703845,2007,24,5584685,10703845
1950,2010-09-17,Alpha and Omega 3D,20000000,25107267,48958353,2010,37,5107267,28958353
1951,2018-12-25,On the Basis of Sex,20000000,24622687,38803610,2018,52,4622687,18803610
1952,2014-02-14,Endless Love,20000000,23438250,34718173,2014,7,3438250,14718173
1953,2006-09-08,The Covenant,20000000,23364784,38164784,2006,36,3364784,18164784
1954,2011-07-01,Monte Carlo,20000000,23186769,39686769,2011,26,3186769,19686769
1955,2006-03-24,Stay Alive,20000000,23086480,23187506,2006,12,3086480,3187506
1956,2005-10-07,2 For the Money,20000000,22991379,30491379,2005,40,2991379,10491379
1957,2017-06-16,Rough Night,20000000,22105643,46844357,2017,24,2105643,26844357
1958,2009-08-21,Shorts,20000000,20919166,29870801,2009,34,919166,9870801
1959,2008-09-19,Appaloosa,20000000,20211394,27911453,2008,38,211394,7911453
1960,2015-11-20,Secret in Their Eyes,20000000,20180155,32608019,2015,47,180155,12608019
1961,2004-08-13,Yu-Gi-Oh,20000000,19762690,28762690,2004,33,-237310,8762690
1962,2007-03-23,Reign Over Me,20000000,19661987,20081987,2007,12,-338013,81987
1963,2008-09-19,My Best Friend's Girl,20000000,19219250,34787111,2008,38,-780750,14787111
1964,2007-05-11,Georgia Rule,20000000,18882880,20819601,2007,19,-1117120,819601
1965,2007-09-21,Into the Wild,20000000,18354356,56822960,2007,38,-1645644,36822960
1966,2005-02-11,Pooh's Heffalump Movie,20000000,18098433,55686944,2005,6,-1901567,35686944
1967,2006-09-29,School for Scoundrels,20000000,17807569,17807569,2006,39,-2192431,-2192431
1968,2012-10-26,Silent Hill: Revelation 3D,20000000,17530219,55975672,2012,43,-2469781,35975672
1969,2017-03-31,The Zookeeper's Wife,20000000,17445186,26308749,2017,13,-2554814,6308749
1970,2009-02-20,Fired Up,20000000,17231291,18608570,2009,8,-2768709,-1391430
1971,2005-04-08,Kung Fu Hustle,20000000,17104669,102034104,2005,14,-2895331,82034104
1972,2002-07-26,The Country Bears,20000000,16988996,16988996,2002,30,-3011004,-3011004
1973,2017-09-29,Flatliners,20000000,16883115,45173738,2017,39,-3116885,25173738
1974,2007-03-16,Dead Silence,20000000,16574590,20614661,2007,11,-3425410,614661
1975,2003-11-21,21 Grams,20000000,16248701,59667625,2003,47,-3751299,39667625
1976,2009-12-04,Armored,20000000,15988876,23661038,2009,49,-4011124,3661038
1977,2007-12-14,The Kite Runner,20000000,15800078,74180745,2007,50,-4199922,54180745
1978,2004-09-03,Paparazzi,20000000,15712072,16612072,2004,36,-4287928,-3387928
1979,2003-01-17,A Guy Thing,20000000,15543862,17430594,2003,3,-4456138,-2569406
1980,2009-09-23,Capitalism: A Love Story,20000000,14363397,19121531,2009,39,-5636603,-878469
1981,2012-04-13,Lockout,20000000,14326865,33943049,2012,15,-5673135,13943049
1982,2008-08-29,Disaster Movie,20000000,14190901,36720752,2008,35,-5809099,16720752
1983,2011-09-30,What's Your Number?,20000000,14011084,30163785,2011,39,-5988916,10163785
1984,2009-04-17,Crank 2: High Voltage,20000000,13684249,35472739,2009,16,-6315751,15472739
1985,2015-10-30,Burnt,20000000,13651946,36773510,2015,44,-6348054,16773510
1986,2004-04-30,Envy,20000000,13548322,14566246,2004,18,-6451678,-5433754
1987,2006-10-13,One Night with the King,20000000,13395961,13725032,2006,41,-6604039,-6274968
1988,2008-09-19,Ghost Town,20000000,13367624,29958228,2008,38,-6632376,9958228
1989,2002-11-22,The Quiet American,20000000,12987647,26348203,2002,47,-7012353,6348203
1990,2016-02-26,Triple 9,20000000,12639297,25943792,2016,8,-7360703,5943792
1991,2016-09-02,The Light Between Oceans,20000000,12545979,22281732,2016,35,-7454021,2281732
1992,2005-10-28,The Weather Man,20000000,12482775,15466961,2005,43,-7517225,-4533039
1993,2002-08-23,Undisputed,20000000,12398628,12398628,2002,34,-7601372,-7601372
1994,2009-03-27,12 Rounds,20000000,12234694,17306648,2009,13,-7765306,-2693352
1995,2010-10-01,Let Me In,20000000,12134935,28270399,2010,39,-7865065,8270399
1996,2008-02-22,Be Kind Rewind,20000000,11175164,30894247,2008,8,-8824836,10894247
1997,2005-12-09,Mrs. Henderson Presents,20000000,11036366,27836366,2005,49,-8963634,7836366
1998,2007-08-31,Death Sentence,20000000,9534258,16907831,2007,35,-10465742,-3092169
1999,2016-06-03,Popstar: Never Stop Never Stopping,20000000,9496130,9537120,2016,22,-10503870,-10462880
2000,2017-10-27,Thank You for Your Service,20000000,9479390,9985316,2017,43,-10520610,-10014684
2001,2009-12-04,Everybody's Fine,20000000,9208876,9208876,2009,49,-10791124,-10791124
2002,2004-08-27,Superbabies: Baby Geniuses 2,20000000,9109322,9355369,2004,35,-10890678,-10644631
2003,2013-09-20,Battle of the Year,20000000,8888355,16723377,2013,38,-11111645,-3276623
2004,2016-04-29,Ratchet and Clank,20000000,8813410,14365639,2016,17,-11186590,-5634361
2005,2007-08-17,Death at a Funeral,20000000,8580428,46790428,2007,33,-11419572,26790428
2006,2005-09-09,The Man,20000000,8330720,10393696,2005,36,-11669280,-9606304
2007,2007-01-05,Code Name: The Cleaner,20000000,8135024,8135024,2007,1,-11864976,-11864976
2008,2014-12-12,Inherent Vice,20000000,8110975,14772346,2014,50,-11889025,-5227654
2009,2004-04-16,Connie & Carla,20000000,8047525,8047525,2004,16,-11952475,-11952475
2010,2013-10-11,Machete Kills,20000000,8008161,18273009,2013,41,-11991839,-1726991
2011,2006-02-24,Doogal,20000000,7578946,28058652,2006,8,-12421054,8058652
2012,2005-09-16,Proof,20000000,7535331,8284331,2005,37,-12464669,-11715669
2013,2008-10-03,An American Carol,20000000,7013191,7022183,2008,40,-12986809,-12977817
2014,2003-03-14,Willard,20000000,6882696,6882696,2003,11,-13117304,-13117304
2015,2008-02-01,Strange Wilderness,20000000,6575282,6947084,2008,5,-13424718,-13052916
2016,2015-04-24,Little Boy,20000000,6485961,17769299,2015,17,-13514039,-2230701
2017,2012-10-26,Chasing Mavericks,20000000,6002756,8300821,2012,43,-13997244,-11699179
2018,2014-12-31,A Most Violent Year,20000000,5749134,8846875,2014,1,-14250866,-11153125
2019,2011-11-23,A Dangerous Method,20000000,5702083,14807531,2011,47,-14297917,-5192469
2020,2006-07-07,A Scanner Darkly,20000000,5501616,7405084,2006,27,-14498384,-12594916
2021,2009-08-14,Bandslam,20000000,5210988,12967829,2009,33,-14789012,-7032171
2022,2005-01-28,Alone in the Dark,20000000,5178569,10588079,2005,4,-14821431,-9411921
2023,2004-10-29,Birth,20000000,5005899,14603001,2004,44,-14994101,-5396999
2024,2016-08-26,Hands of Stone,20000000,4712792,5031975,2016,34,-15287208,-14968025
2025,2008-10-24,Passchendaele,20000000,4452423,4453327,2008,43,-15547577,-15546673
2026,2008-10-03,Flash of Genius,20000000,4442377,4504111,2008,40,-15557623,-15495889
2027,2007-11-21,I'm Not There,20000000,4017609,12397613,2007,47,-15982391,-7602387
2028,2012-09-07,The Cold Light of Day,20000000,3763583,25361206,2012,36,-16236417,5361206
2029,2009-05-15,The Brothers Bloom,20000000,3531756,5531756,2009,20,-16468244,-14468244
2030,2008-10-24,"Synecdoche, New York",20000000,3083538,4383538,2008,43,-16916462,-15616462
2031,2018-10-26,Suspiria,20000000,2483472,7023292,2018,43,-17516528,-12976708
2032,2017-11-03,LBJ,20000000,2468683,2507181,2017,44,-17531317,-17492819
2033,2004-03-19,Bon Voyage,20000000,2353728,8361736,2004,12,-17646272,-11638264
2034,2015-11-13,My All-American,20000000,2246000,2246000,2015,46,-17754000,-17754000
2035,2006-05-05,The Proposition,20000000,1903434,5313608,2006,18,-18096566,-14686392
2036,2003-08-22,Marci X,20000000,1646664,1646664,2003,34,-18353336,-18353336
2037,2002-12-06,Equilibrium,20000000,1190018,5345869,2002,49,-18809982,-14654131
2038,2011-04-29,Dylan Dog: Dead of Night,20000000,1186538,6093725,2011,17,-18813462,-13906275
2039,2012-08-29,The Oogieloves in the BIG Balloon Adventure,20000000,1065907,1065907,2012,35,-18934093,-18934093
2040,2008-05-23,The Children of Huang Shi,20000000,1031872,8221700,2008,21,-18968128,-11778300
2041,2017-12-15,Star Wars Episode VIII - The Last Jedi,317000000,620181382,1316721747,2017,50,303181382,999721747
2042,2015-12-18,Star Wars Episode VII - The Force Awakens,306000000,936662225,2053311220,2015,51,630662225,1747311220
2043,2005-05-19,Star Wars Episode III - Revenge of the Sith,115000000,380270577,848998877,2005,20,265270577,733998877
2044,2002-05-16,Star Wars Episode II - Attack of the Clones,115000000,310676740,656695615,2002,20,195676740,541695615
2045,2017-05-05,Guardians of the Galaxy Vol. 2,200000000,389813101,862316233,2017,18,189813101,662316233
90,2018-07-27,Mission: Impossible - Fallout,178000000,220159104,787456552,2018,30,42159104,609456552
165,2015-07-31,Mission: Impossible - Rogue Nation,150000000,195042377,688858992,2015,31,45042377,538858992
177,2006-05-05,Mission: Impossible III,150000000,133501348,397501348,2006,18,-16498652,247501348
195,2011-12-16,Mission: Impossible - Ghost Protocol,145000000,209397903,694713230,2011,50,64397903,549713230
